  1.000000047497451305389404296875000E-0003    0.999921044196316     
  2.000000094994902610778808593750000E-0003    0.999684189253301     
  3.000000026077032089233398437500000E-0003    0.999289472628238     
  4.000000189989805221557617187500000E-0003    0.998736956486060     
  4.999999888241291046142578125000000E-0003    0.998026728516455     
  6.000000052154064178466796875000000E-0003    0.997158900211246     
  7.000000216066837310791015625000000E-0003    0.996133608904641     
  8.000000379979610443115234375000000E-0003    0.994951016502077     
  8.999999612569808959960937500000000E-0003    0.993611311069460     
  9.999999776482582092285156250000000E-0003    0.992114701666514     
  1.099999994039535522460937500000000E-0002    0.990461425799858     
  1.200000010430812835693359375000000E-0002    0.988651744541002     
  1.300000026822090148925781250000000E-0002    0.986685943659689     
  1.400000043213367462158203125000000E-0002    0.984564333578769     
  1.499999966472387313842773437500000E-0002    0.982287251518164     
  1.600000075995922088623046875000000E-0002    0.979855050477031     
  1.700000092387199401855468750000000E-0002    0.977268121106851     
  1.799999922513961791992187500000000E-0002    0.974526874970343     
  1.899999938905239105224609375000000E-0002    0.971631734730370     
  1.999999955296516418457031250000000E-0002    0.968583162525673     
  2.099999971687793731689453125000000E-0002    0.965381639761300     
  2.199999988079071044921875000000000E-0002    0.962027671994976     
  2.300000004470348358154296875000000E-0002    0.958521788857263     
  2.400000020861625671386718750000000E-0002    0.954864543967934     
  2.500000037252902984619140625000000E-0002    0.951056514848541     
  2.600000053644180297851562500000000E-0002    0.947098302831223     
  2.700000070035457611083984375000000E-0002    0.942990532963748     
  2.800000086426734924316406250000000E-0002    0.938733853910809     
  2.899999916553497314453125000000000E-0002    0.934328946194017     
  2.999999932944774627685546875000000E-0002    0.929776488990219     
  3.099999949336051940917968750000000E-0002    0.925077209252367     
  3.200000151991844177246093750000000E-0002    0.920231839890689     
  3.299999982118606567382812500000000E-0002    0.915241173526265     
  3.400000184774398803710937500000000E-0002    0.910105961063428     
  3.500000014901161193847656250000000E-0002    0.904827051668733     
  3.599999845027923583984375000000000E-0002    0.899405260078923     
  3.700000047683715820312500000000000E-0002    0.893841421464501     
  3.799999877810478210449218750000000E-0002    0.888136455870296     
  3.900000080466270446777343750000000E-0002    0.882291221675341     
  3.999999910593032836914062500000000E-0002    0.876306685456468     
  4.100000113248825073242187500000000E-0002    0.870183747657391     
  4.199999943375587463378906250000000E-0002    0.863923420776433     
  4.300000146031379699707031250000000E-0002    0.857526646753252     
  4.399999976158142089843750000000000E-0002    0.850994483368145     
  4.500000178813934326171875000000000E-0002    0.844327913461761     
  4.600000008940696716308593750000000E-0002    0.837528039428256     
  4.699999839067459106445312500000000E-0002    0.830595910457719     
  4.800000041723251342773437500000000E-0002    0.823532594654180     
  4.899999871850013732910156250000000E-0002    0.816339260018300     
  5.000000074505805969238281250000000E-0002    0.809016988871705     
  5.099999904632568359375000000000000E-0002    0.801566992036304     
  5.200000107288360595703125000000000E-0002    0.793990390451565     
  5.299999937415122985839843750000000E-0002    0.786288436995867     
  5.400000140070915222167968750000000E-0002    0.778462290518506     
  5.499999970197677612304687500000000E-0002    0.770513245162987     
  5.600000172853469848632812500000000E-0002    0.762442496956481     
  5.700000002980232238769531250000000E-0002    0.754251380490208     
  5.799999833106994628906250000000000E-0002    0.745941159392045     
  5.900000035762786865234375000000000E-0002    0.737513114323171     
  5.999999865889549255371093750000000E-0002    0.728968638957958     
  6.100000068545341491699218750000000E-0002    0.720309018913012     
  6.199999898672103881835937500000000E-0002    0.711535686156295     
  6.300000101327896118164062500000000E-0002    0.702649960738695     
  6.400000303983688354492187500000000E-0002    0.693653278297204     
  6.499999761581420898437500000000000E-0002    0.684547127768998     
  6.599999964237213134765625000000000E-0002    0.675332811435471     
  6.700000166893005371093750000000000E-0002    0.666011851790080     
  6.800000369548797607421875000000000E-0002    0.656585720726373     
  6.899999827146530151367187500000000E-0002    0.647055978130769     
  7.000000029802322387695312500000000E-0002    0.637423986863063     
  7.100000232458114624023437500000000E-0002    0.627691338550611     
  7.199999690055847167968750000000000E-0002    0.617859643715270     
  7.299999892711639404296875000000000E-0002    0.607930308399385     
  7.400000095367431640625000000000000E-0002    0.597904973451360     
  7.500000298023223876953125000000000E-0002    0.587785221994218     
  7.599999755620956420898437500000000E-0002    0.577572728491700     
  7.699999958276748657226562500000000E-0002    0.567268953444619     
  7.800000160932540893554687500000000E-0002    0.556875599690732     
  7.900000363588333129882812500000000E-0002    0.546394308467732     
  7.999999821186065673828125000000000E-0002    0.535826813951401     
  8.100000023841857910156250000000000E-0002    0.525174627411668     
  8.200000226497650146484375000000000E-0002    0.514439509374125     
  8.299999684095382690429687500000000E-0002    0.503623235931572     
  8.399999886751174926757812500000000E-0002    0.492727353932109     
  8.500000089406967163085937500000000E-0002    0.481753664256225     
  8.600000292062759399414062500000000E-0002    0.470703899783754     
  8.699999749660491943359375000000000E-0002    0.459579888561008     
  8.799999952316284179687500000000000E-0002    0.448383221446031     
  8.900000154972076416015625000000000E-0002    0.437115749135586     
  9.000000357627868652343750000000000E-0002    0.425779250901381     
  9.099999815225601196289062500000000E-0002    0.414375602125431     
  9.200000017881393432617187500000000E-0002    0.402906433657077     
  9.300000220537185668945312500000000E-0002    0.391373641334338     
  9.399999678134918212890625000000000E-0002    0.379779132938176     
  9.499999880790710449218750000000000E-0002    0.368124566612991     
  9.600000083446502685546875000000000E-0002    0.356411868915694     
  9.700000286102294921875000000000000E-0002    0.344642889424524     
  9.799999743700027465820312500000000E-0002    0.332819574894453     
  9.899999946355819702148437500000000E-0002    0.320943616191719     
  0.100000001490116119384765625000000          0.309016976566080     
  0.101000003516674041748046875000000          0.297041539379824     
  0.101999998092651367187500000000000          0.285019285444257     
  0.103000000119209289550781250000000          0.272951934076181     
  0.104000002145767211914062500000000          0.260841480258858     
  0.104999996721744537353515625000000          0.248689927066387     
  0.105999998748302459716796875000000          0.236499012306807     
  0.107000000774860382080078125000000          0.224270751460235     
  0.108000002801418304443359375000000          0.212007075518639     
  0.108999997377395629882812500000000          0.199710012807116     
  0.109999999403953552246093750000000          0.187381321943194     
  0.111000001430511474609375000000000          0.175023041276415     
  0.112000003457069396972656250000000          0.162637122330468     
  0.112999998033046722412109375000000          0.150225613557721     
  0.114000000059604644775390625000000          0.137790289942769     
  0.115000002086162567138671875000000          0.125333207555529     
  0.115999996662139892578125000000000          0.112856426550297     
  0.116999998688697814941406250000000          0.100361731246325     
  0.118000000715255737304687500000000          8.785118759732627E-002
  0.119000002741813659667968750000000          7.532677117117516E-002
  0.119999997317790985107421875000000          6.279055316843551E-002
  0.120999999344348907470703125000000          5.024432640851777E-002
  0.122000001370906829833984375000000          3.769016545485172E-002
  0.123000003397464752197265625000000          2.513005276301939E-002
  0.123999997973442077636718750000000          1.256606534781980E-002
  0.125000000000000000000000000000000          4.335905065061890E-035
  0.126000002026557922363281250000000         -1.256606534781980E-002
  0.127000004053115844726562500000000         -2.513014636020812E-002
  0.128000006079673767089843750000000         -3.769025901508431E-002
  0.128999993205070495605468750000000         -5.024423290001517E-002
  0.129999995231628417968750000000000         -6.279045972642938E-002
  0.130999997258186340332031250000000         -7.532677117117516E-002
  0.131999999284744262695312500000000         -8.785118759732627E-002
  0.133000001311302185058593750000000         -0.100361731246325     
  0.134000003337860107421875000000000         -0.112856426550297     
  0.135000005364418029785156250000000         -0.125333300444011     
  0.136000007390975952148437500000000         -0.137790382676459     
  0.136999994516372680664062500000000         -0.150225520993464     
  0.137999996542930603027343750000000         -0.162637122330468     
  0.138999998569488525390625000000000         -0.175023041276415     
  0.140000000596046447753906250000000         -0.187381321943194     
  0.141000002622604370117187500000000         -0.199710012807116     
  0.142000004649162292480468750000000         -0.212007167017084     
  0.143000006675720214843750000000000         -0.224270842702025     
  0.143999993801116943359375000000000         -0.236498921336078     
  0.144999995827674865722656250000000         -0.248689836381086     
  0.145999997854232788085937500000000         -0.260841480258858     
  0.146999999880790710449218750000000         -0.272951934076181     
  0.148000001907348632812500000000000         -0.285019285444257     
  0.149000003933906555175781250000000         -0.297041628780694     
  0.150000005960464477539062500000000         -0.309017065610416     
  0.150999993085861206054687500000000         -0.320943527517975     
  0.151999995112419128417968750000000         -0.332819486605306     
  0.152999997138977050781250000000000         -0.344642889424524     
  0.153999999165534973144531250000000         -0.356411868915694     
  0.155000001192092895507812500000000         -0.368124566612991     
  0.156000003218650817871093750000000         -0.379779132938176     
  0.157000005245208740234375000000000         -0.391373727492661     
  0.158000007271766662597656250000000         -0.402906519348138     
  0.158999994397163391113281250000000         -0.414375516915160     
  0.159999996423721313476562500000000         -0.425779250901381     
  0.160999998450279235839843750000000         -0.437115749135586     
  0.162000000476837158203125000000000         -0.448383221446031     
  0.163000002503395080566406250000000         -0.459579888561008     
  0.164000004529953002929687500000000         -0.470703982389820     
  0.165000006556510925292968750000000         -0.481753746301976     
  0.165999993681907653808593750000000         -0.492727272459624     
  0.166999995708465576171875000000000         -0.503623155045224     
  0.167999997735023498535156250000000         -0.514439509374125     
  0.168999999761581420898437500000000         -0.525174627411668     
  0.170000001788139343261718750000000         -0.535826813951401     
  0.171000003814697265625000000000000         -0.546394386882766     
  0.172000005841255187988281250000000         -0.556875677456731     
  0.172999992966651916503906250000000         -0.567268876339930     
  0.173999994993209838867187500000000         -0.577572652060502     
  0.174999997019767761230468750000000         -0.587785221994218     
  0.175999999046325683593750000000000         -0.597904973451360     
  0.177000001072883605957031250000000         -0.607930308399385     
  0.178000003099441528320312500000000         -0.617859643715270     
  0.179000005125999450683593750000000         -0.627691411435511     
  0.180000007152557373046875000000000         -0.637424059003717     
  0.180999994277954101562500000000000         -0.647055906745747     
  0.181999996304512023925781250000000         -0.656585720726373     
  0.182999998331069946289062500000000         -0.666011851790080     
  0.184000000357627868652343750000000         -0.675332811435471     
  0.185000002384185791015625000000000         -0.684547127768998     
  0.186000004410743713378906250000000         -0.693653345737401     
  0.187000006437301635742187500000000         -0.702650027357471     
  0.187999993562698364257812500000000         -0.711535620369455     
  0.188999995589256286621093750000000         -0.720308986440756     
  0.189999997615814208984375000000000         -0.728968606911995     
  0.190999999642372131347656250000000         -0.737513114323171     
  0.192000001668930053710937500000000         -0.745941159392045     
  0.193000003695487976074218750000000         -0.754251411227205     
  0.194000005722045898437500000000000         -0.762442557538231     
  0.194999992847442626953125000000000         -0.770513185483043     
  0.195999994874000549316406250000000         -0.778462261134152     
  0.196999996900558471679687500000000         -0.786288408071770     
  0.197999998927116394042968750000000         -0.793990390451565     
  0.199000000953674316406250000000000         -0.801566992036304     
  0.200000002980232238769531250000000         -0.809017016387918     
  0.201000005006790161132812500000000         -0.816339287056429     
  0.202000007033348083496093750000000         -0.823532647765729     
  0.202999994158744812011718750000000         -0.830595858319259     
  0.203999996185302734375000000000000         -0.837528013849690     
  0.204999998211860656738281250000000         -0.844327913461761     
  0.206000000238418579101562500000000         -0.850994483368145     
  0.207000002264976501464843750000000         -0.857526670835905     
  0.208000004291534423828125000000000         -0.863923444352736     
  0.209000006318092346191406250000000         -0.870183793789852     
  0.209999993443489074707031250000000         -0.876306640351430     
  0.210999995470046997070312500000000         -0.882291199640098     
  0.211999997496604919433593750000000         -0.888136434355809     
  0.212999999523162841796875000000000         -0.893841421464501     
  0.214000001549720764160156250000000         -0.899405260078923     
  0.215000003576278686523437500000000         -0.904827071600899     
  0.216000005602836608886718750000000         -0.910105999860068     
  0.216999992728233337402343750000000         -0.915241135803438     
  0.217999994754791259765625000000000         -0.920231821569163     
  0.218999996781349182128906250000000         -0.925077191473624     
  0.219999998807907104492187500000000         -0.929776480373642     
  0.221000000834465026855468750000000         -0.934328946194017     
  0.222000002861022949218750000000000         -0.938733870044708     
  0.223000004887580871582031250000000         -0.942990556334357     
  0.224000006914138793945312500000000         -0.947098332880129     
  0.224999994039535522460937500000000         -0.951056493149344     
  0.225999996066093444824218750000000         -0.954864530062413     
  0.226999998092651367187500000000000         -0.958521782185906     
  0.228000000119209289550781250000000         -0.962027671994976     
  0.229000002145767211914062500000000         -0.965381645866736     
  0.230000004172325134277343750000000         -0.968583174167685     
  0.231000006198883056640625000000000         -0.971631751337343     
  0.231999993324279785156250000000000         -0.974526853972595     
  0.232999995350837707519531250000000         -0.977268111182080     
  0.233999997377395629882812500000000         -0.979855045802481     
  0.234999999403953552246093750000000         -0.982287249325176     
  0.236000001430511474609375000000000         -0.984564337675479     
  0.237000003457069396972656250000000         -0.986685951273284     
  0.238000005483627319335937500000000         -0.988651755089851     
  0.238999992609024047851562500000000         -0.990461412898996     
  0.239999994635581970214843750000000         -0.992114692865604     
  0.240999996662139892578125000000000         -0.993611305786270     
  0.241999998688697814941406250000000         -0.994951015327509     
  0.243000000715255737304687500000000         -0.996133609932794     
  0.244000002741813659667968750000000         -0.997158902855972     
  0.245000004768371582031250000000000         -0.998026732190748     
  0.246000006794929504394531250000000         -0.998736960896256     
  0.246999993920326232910156250000000         -0.999289469761078     
  0.247999995946884155273437500000000         -0.999684188003349     
  0.248999997973442077636718750000000         -0.999921043883803     
  0.250000000000000000000000000000000          -1.00000000000000     
  0.250999987125396728515625000000000         -0.999921046236825     
  0.252000004053115844726562500000000         -0.999684188003349     
  0.252999991178512573242187500000000         -0.999289476818694     
  0.254000008106231689453125000000000         -0.998736951487829     
  0.254999995231628417968750000000000         -0.998026732190748     
  0.256000012159347534179687500000000         -0.997158888750752     
  0.256999999284744262695312500000000         -0.996133609932794     
  0.257999986410140991210937500000000         -0.994951034120578     
  0.259000003337860107421875000000000         -0.993611305786270     
  0.259999990463256835937500000000000         -0.992114716334687     
  0.261000007390975952148437500000000         -0.990461412898996     
  0.261999994516372680664062500000000         -0.988651755089851     
  0.263000011444091796875000000000000         -0.986685920818894     
  0.263999998569488525390625000000000         -0.984564337675479     
  0.264999985694885253906250000000000         -0.982287284412970     
  0.266000002622604370117187500000000         -0.979855045802481     
  0.266999989748001098632812500000000         -0.977268150881150     
  0.268000006675720214843750000000000         -0.974526853972595     
  0.268999993801116943359375000000000         -0.971631751337343     
  0.270000010728836059570312500000000         -0.968583127599623     
  0.270999997854232788085937500000000         -0.965381645866736     
  0.272000014781951904296875000000000         -0.962027620883750     
  0.273000001907348632812500000000000         -0.958521782185906     
  0.273999989032745361328125000000000         -0.954864585684485     
  0.275000005960464477539062500000000         -0.951056493149344     
  0.275999993085861206054687500000000         -0.947098332880129     
  0.277000010013580322265625000000000         -0.942990494012722     
  0.277999997138977050781250000000000         -0.938733870044708     
  0.279000014066696166992187500000000         -0.934328879454626     
  0.280000001192092895507812500000000         -0.929776480373642     
  0.280999988317489624023437500000000         -0.925077262588585     
  0.282000005245208740234375000000000         -0.920231821569163     
  0.282999992370605468750000000000000         -0.915241211249084     
  0.284000009298324584960937500000000         -0.910105922266780     
  0.284999996423721313476562500000000         -0.904827071600899     
  0.286000013351440429687500000000000         -0.899405178227447     
  0.287000000476837158203125000000000         -0.893841421464501     
  0.287999987602233886718750000000000         -0.888136520413743     
  0.289000004529953002929687500000000         -0.882291199640098     
  0.289999991655349731445312500000000         -0.876306730561497     
  0.291000008583068847656250000000000         -0.870183701524923     
  0.291999995708465576171875000000000         -0.863923444352736     
  0.293000012636184692382812500000000         -0.857526574505284     
  0.293999999761581420898437500000000         -0.850994483368145     
  0.294999986886978149414062500000000         -0.844328013797200     
  0.296000003814697265625000000000000         -0.837528013849690     
  0.296999990940093994140625000000000         -0.830595962596172     
  0.298000007867813110351562500000000         -0.823532541542624     
  0.298999994993209838867187500000000         -0.816339287056429     
  0.300000011920928955078125000000000         -0.809016906323055     
  0.300999999046325683593750000000000         -0.801566992036304     
  0.301999986171722412109375000000000         -0.793990504288638     
  0.303000003099441528320312500000000         -0.786288408071770     
  0.303999990224838256835937500000000         -0.778462378671561     
  0.305000007152557373046875000000000         -0.770513185483043     
  0.305999994277954101562500000000000         -0.762442557538231     
  0.307000011205673217773437500000000         -0.754251288279208     
  0.307999998331069946289062500000000         -0.745941159392045     
  0.308999985456466674804687500000000         -0.737513240781601     
  0.310000002384185791015625000000000         -0.728968606911995     
  0.310999989509582519531250000000000         -0.720309116329770     
  0.312000006437301635742187500000000         -0.711535620369455     
  0.312999993562698364257812500000000         -0.702650027357471     
  0.314000010490417480468750000000000         -0.693653210857000     
  0.314999997615814208984375000000000         -0.684547127768998     
  0.316000014543533325195312500000000         -0.675332673333536     
  0.317000001668930053710937500000000         -0.666011851790080     
  0.317999988794326782226562500000000         -0.656585861962589     
  0.319000005722045898437500000000000         -0.647055906745747     
  0.319999992847442626953125000000000         -0.637424059003717     
  0.321000009775161743164062500000000         -0.627691265665706     
  0.321999996900558471679687500000000         -0.617859643715270     
  0.323000013828277587890625000000000         -0.607930159721883     
  0.324000000953674316406250000000000         -0.597904973451360     
  0.324999988079071044921875000000000         -0.587785373485487     
  0.326000005006790161132812500000000         -0.577572652060502     
  0.326999992132186889648437500000000         -0.567269030549303     
  0.328000009059906005859375000000000         -0.556875521924728     
  0.328999996185302734375000000000000         -0.546394386882766     
  0.330000013113021850585937500000000         -0.535826655848023     
  0.331000000238418579101562500000000         -0.525174627411668     
  0.331999987363815307617187500000000         -0.514439669948998     
  0.333000004291534423828125000000000         -0.503623155045224     
  0.333999991416931152343750000000000         -0.492727435404589     
  0.335000008344650268554687500000000         -0.481753582210470     
  0.335999995470046997070312500000000         -0.470703982389820     
  0.337000012397766113281250000000000         -0.459579722254332     
  0.337999999523162841796875000000000         -0.448383221446031     
  0.338999986648559570312500000000000         -0.437115917552374     
  0.340000003576278686523437500000000         -0.425779250901381     
  0.340999990701675415039062500000000         -0.414375687335699     
  0.342000007629394531250000000000000         -0.402906347966012     
  0.342999994754791259765625000000000         -0.391373727492661     
  0.344000011682510375976562500000000         -0.379778959714214     
  0.344999998807907104492187500000000         -0.368124566612991     
  0.345999985933303833007812500000000         -0.356412043872066     
  0.347000002861022949218750000000000         -0.344642889424524     
  0.347999989986419677734375000000000         -0.332819663183596     
  0.349000006914138793945312500000000         -0.320943527517975     
  0.349999994039535522460937500000000         -0.309017065610416     
  0.351000010967254638671875000000000         -0.297041449978950     
  0.351999998092651367187500000000000         -0.285019285444257     
  0.352999985218048095703125000000000         -0.272952114219238     
  0.354000002145767211914062500000000         -0.260841480258858     
  0.354999989271163940429687500000000         -0.248690017751685     
  0.356000006198883056640625000000000         -0.236498921336078     
  0.356999993324279785156250000000000         -0.224270842702025     
  0.358000010251998901367187500000000         -0.212006984020192     
  0.358999997377395629882812500000000         -0.199710012807116     
  0.360000014305114746093750000000000         -0.187381138006452     
  0.361000001430511474609375000000000         -0.175023041276415     
  0.361999988555908203125000000000000         -0.162637307090877     
  0.363000005483627319335937500000000         -0.150225520993464     
  0.363999992609024047851562500000000         -0.137790382676459     
  0.365000009536743164062500000000000         -0.125333114667046     
  0.365999996662139892578125000000000         -0.112856426550297     
  0.367000013589859008789062500000000         -0.100361544938250     
  0.368000000715255737304687500000000         -8.785118759732627E-002
  0.368999987840652465820312500000000         -7.532695789268257E-002
  0.370000004768371582031250000000000         -6.279045972642938E-002
  0.370999991893768310546875000000000         -5.024441991701992E-002
  0.372000008821487426757812500000000         -3.769007189461879E-002
  0.372999995946884155273437500000000         -2.513014636020812E-002
  0.374000012874603271484375000000000         -1.256587810909024E-002
  0.375000000000000000000000000000000         -1.300771519518567E-034
  0.375999987125396728515625000000000          1.256587810909024E-002
  0.377000004053115844726562500000000          2.513014636020812E-002
  0.377999991178512573242187500000000          3.769007189461879E-002
  0.379000008106231689453125000000000          5.024441991701992E-002
  0.379999995231628417968750000000000          6.279045972642938E-002
  0.381000012159347534179687500000000          7.532695789268257E-002
  0.381999999284744262695312500000000          8.785118759732627E-002
  0.382999986410140991210937500000000          0.100361544938250     
  0.384000003337860107421875000000000          0.112856426550297     
  0.384999990463256835937500000000000          0.125333114667046     
  0.386000007390975952148437500000000          0.137790382676459     
  0.386999994516372680664062500000000          0.150225520993464     
  0.388000011444091796875000000000000          0.162637307090877     
  0.388999998569488525390625000000000          0.175023041276415     
  0.389999985694885253906250000000000          0.187381138006452     
  0.391000002622604370117187500000000          0.199710012807116     
  0.391999989748001098632812500000000          0.212006984020192     
  0.393000006675720214843750000000000          0.224270842702025     
  0.393999993801116943359375000000000          0.236498921336078     
  0.395000010728836059570312500000000          0.248690017751685     
  0.395999997854232788085937500000000          0.260841480258858     
  0.397000014781951904296875000000000          0.272952114219238     
  0.398000001907348632812500000000000          0.285019285444257     
  0.398999989032745361328125000000000          0.297041449978950     
  0.400000005960464477539062500000000          0.309017065610416     
  0.400999993085861206054687500000000          0.320943527517975     
  0.402000010013580322265625000000000          0.332819663183596     
  0.402999997138977050781250000000000          0.344642889424524     
  0.404000014066696166992187500000000          0.356412043872066     
  0.405000001192092895507812500000000          0.368124566612991     
  0.405999988317489624023437500000000          0.379778959714214     
  0.407000005245208740234375000000000          0.391373727492661     
  0.407999992370605468750000000000000          0.402906347966012     
  0.409000009298324584960937500000000          0.414375687335699     
  0.409999996423721313476562500000000          0.425779250901381     
  0.411000013351440429687500000000000          0.437115917552374     
  0.412000000476837158203125000000000          0.448383221446031     
  0.412999987602233886718750000000000          0.459579722254332     
  0.414000004529953002929687500000000          0.470703982389820     
  0.414999991655349731445312500000000          0.481753582210470     
  0.416000008583068847656250000000000          0.492727435404589     
  0.416999995708465576171875000000000          0.503623155045224     
  0.418000012636184692382812500000000          0.514439669948998     
  0.418999999761581420898437500000000          0.525174627411668     
  0.419999986886978149414062500000000          0.535826655848023     
  0.421000003814697265625000000000000          0.546394386882766     
  0.421999990940093994140625000000000          0.556875521924728     
  0.423000007867813110351562500000000          0.567269030549303     
  0.423999994993209838867187500000000          0.577572652060502     
  0.425000011920928955078125000000000          0.587785373485487     
  0.425999999046325683593750000000000          0.597904973451360     
  0.426999986171722412109375000000000          0.607930159721883     
  0.428000003099441528320312500000000          0.617859643715270     
  0.428999990224838256835937500000000          0.627691265665706     
  0.430000007152557373046875000000000          0.637424059003717     
  0.430999994277954101562500000000000          0.647055906745747     
  0.432000011205673217773437500000000          0.656585861962589     
  0.432999998331069946289062500000000          0.666011851790080     
  0.433999985456466674804687500000000          0.675332673333536     
  0.435000002384185791015625000000000          0.684547127768998     
  0.435999989509582519531250000000000          0.693653210857000     
  0.437000006437301635742187500000000          0.702650027357471     
  0.437999993562698364257812500000000          0.711535620369455     
  0.439000010490417480468750000000000          0.720309116329770     
  0.439999997615814208984375000000000          0.728968606911995     
  0.441000014543533325195312500000000          0.737513240781601     
  0.442000001668930053710937500000000          0.745941159392045     
  0.442999988794326782226562500000000          0.754251288279208     
  0.444000005722045898437500000000000          0.762442557538231     
  0.444999992847442626953125000000000          0.770513185483043     
  0.446000009775161743164062500000000          0.778462378671561     
  0.446999996900558471679687500000000          0.786288408071770     
  0.448000013828277587890625000000000          0.793990504288638     
  0.449000000953674316406250000000000          0.801566992036304     
  0.449999988079071044921875000000000          0.809016906323055     
  0.451000005006790161132812500000000          0.816339287056429     
  0.451999992132186889648437500000000          0.823532541542624     
  0.453000009059906005859375000000000          0.830595962596172     
  0.453999996185302734375000000000000          0.837528013849690     
  0.455000013113021850585937500000000          0.844328013797200     
  0.456000000238418579101562500000000          0.850994483368145     
  0.456999987363815307617187500000000          0.857526574505284     
  0.458000004291534423828125000000000          0.863923444352736     
  0.458999991416931152343750000000000          0.870183701524923     
  0.460000008344650268554687500000000          0.876306730561497     
  0.460999995470046997070312500000000          0.882291199640098     
  0.462000012397766113281250000000000          0.888136520413743     
  0.462999999523162841796875000000000          0.893841421464501     
  0.463999986648559570312500000000000          0.899405178227447     
  0.465000003576278686523437500000000          0.904827071600899     
  0.465999990701675415039062500000000          0.910105922266780     
  0.467000007629394531250000000000000          0.915241211249084     
  0.467999994754791259765625000000000          0.920231821569163     
  0.469000011682510375976562500000000          0.925077262588585     
  0.469999998807907104492187500000000          0.929776480373642     
  0.470999985933303833007812500000000          0.934328879454626     
  0.472000002861022949218750000000000          0.938733870044708     
  0.472999989986419677734375000000000          0.942990494012722     
  0.474000006914138793945312500000000          0.947098332880129     
  0.474999994039535522460937500000000          0.951056493149344     
  0.476000010967254638671875000000000          0.954864585684485     
  0.476999998092651367187500000000000          0.958521782185906     
  0.477999985218048095703125000000000          0.962027620883750     
  0.479000002145767211914062500000000          0.965381645866736     
  0.479999989271163940429687500000000          0.968583127599623     
  0.481000006198883056640625000000000          0.971631751337343     
  0.481999993324279785156250000000000          0.974526853972595     
  0.483000010251998901367187500000000          0.977268150881150     
  0.483999997377395629882812500000000          0.979855045802481     
  0.485000014305114746093750000000000          0.982287284412970     
  0.486000001430511474609375000000000          0.984564337675479     
  0.486999988555908203125000000000000          0.986685920818894     
  0.488000005483627319335937500000000          0.988651755089851     
  0.488999992609024047851562500000000          0.990461412898996     
  0.490000009536743164062500000000000          0.992114716334687     
  0.490999996662139892578125000000000          0.993611305786270     
  0.492000013589859008789062500000000          0.994951034120578     
  0.493000000715255737304687500000000          0.996133609932794     
  0.493999987840652465820312500000000          0.997158888750752     
  0.495000004768371582031250000000000          0.998026732190748     
  0.495999991893768310546875000000000          0.998736951487829     
  0.497000008821487426757812500000000          0.999289476818694     
  0.497999995946884155273437500000000          0.999684188003349     
  0.499000012874603271484375000000000          0.999921046236825     
  0.500000000000000000000000000000000           1.00000000000000     
  0.500999987125396728515625000000000          0.999921046236825     
  0.501999974250793457031250000000000          0.999684197414695     
  0.503000020980834960937500000000000          0.999289462703427     
  0.504000008106231689453125000000000          0.998736951487829     
  0.504999995231628417968750000000000          0.998026732190748     
  0.505999982357025146484375000000000          0.997158916961157     
  0.507000029087066650390625000000000          0.996133577031837     
  0.508000016212463378906250000000000          0.994950996534404     
  0.509000003337860107421875000000000          0.993611305786270     
  0.509999990463256835937500000000000          0.992114716334687     
  0.510999977588653564453125000000000          0.990461464502393     
  0.512000024318695068359375000000000          0.988651698829268     
  0.513000011444091796875000000000000          0.986685920818894     
  0.513999998569488525390625000000000          0.984564337675479     
  0.514999985694885253906250000000000          0.982287284412970     
  0.515999972820281982421875000000000          0.979855120595215     
  0.517000019550323486328125000000000          0.977268071482976     
  0.518000006675720214843750000000000          0.974526853972595     
  0.518999993801116943359375000000000          0.971631751337343     
  0.519999980926513671875000000000000          0.968583220735714     
  0.521000027656555175781250000000000          0.965381548179701     
  0.522000014781951904296875000000000          0.962027620883750     
  0.523000001907348632812500000000000          0.958521782185906     
  0.523999989032745361328125000000000          0.954864585684485     
  0.524999976158142089843750000000000          0.951056608878340     
  0.526000022888183593750000000000000          0.947098212684455     
  0.527000010013580322265625000000000          0.942990494012722     
  0.527999997138977050781250000000000          0.938733870044708     
  0.528999984264373779296875000000000          0.934329012933376     
  0.529999971389770507812500000000000          0.929776618238814     
  0.531000018119812011718750000000000          0.925077120358630     
  0.532000005245208740234375000000000          0.920231821569163     
  0.532999992370605468750000000000000          0.915241211249084     
  0.533999979496002197265625000000000          0.910106077453324     
  0.535000026226043701171875000000000          0.904826912143514     
  0.536000013351440429687500000000000          0.899405178227447     
  0.537000000476837158203125000000000          0.893841421464501     
  0.537999987602233886718750000000000          0.888136520413743     
  0.538999974727630615234375000000000          0.882291375921986     
  0.540000021457672119140625000000000          0.876306550141333     
  0.541000008583068847656250000000000          0.870183701524923     
  0.541999995708465576171875000000000          0.863923444352736     
  0.542999982833862304687500000000000          0.857526767166496     
  0.544000029563903808593750000000000          0.850994286686496     
  0.545000016689300537109375000000000          0.844327813126292     
  0.546000003814697265625000000000000          0.837528013849690     
  0.546999990940093994140625000000000          0.830595962596172     
  0.547999978065490722656250000000000          0.823532753988806     
  0.549000024795532226562500000000000          0.816339070751354     
  0.550000011920928955078125000000000          0.809016906323055     
  0.550999999046325683593750000000000          0.801566992036304     
  0.551999986171722412109375000000000          0.793990504288638     
  0.552999973297119140625000000000000          0.786288639464494     
  0.554000020027160644531250000000000          0.778462143596715     
  0.555000007152557373046875000000000          0.770513185483043     
  0.555999994277954101562500000000000          0.762442557538231     
  0.556999981403350830078125000000000          0.754251534175175     
  0.558000028133392333984375000000000          0.745940909965873     
  0.559000015258789062500000000000000          0.737512987864716     
  0.560000002384185791015625000000000          0.728968606911995     
  0.560999989509582519531250000000000          0.720309116329770     
  0.561999976634979248046875000000000          0.711535883516779     
  0.563000023365020751953125000000000          0.702649760882331     
  0.564000010490417480468750000000000          0.693653210857000     
  0.564999997615814208984375000000000          0.684547127768998     
  0.565999984741210937500000000000000          0.675332949537381     
  0.566999971866607666015625000000000          0.666012131150240     
  0.568000018596649169921875000000000          0.656585579490134     
  0.569000005722045898437500000000000          0.647055906745747     
  0.569999992847442626953125000000000          0.637424059003717     
  0.570999979972839355468750000000000          0.627691557205294     
  0.572000026702880859375000000000000          0.617859349244692     
  0.573000013828277587890625000000000          0.607930159721883     
  0.574000000953674316406250000000000          0.597904973451360     
  0.574999988079071044921875000000000          0.587785373485487     
  0.575999975204467773437500000000000          0.577572957785262     
  0.577000021934509277343750000000000          0.567268722130538     
  0.578000009059906005859375000000000          0.556875521924728     
  0.578999996185302734375000000000000          0.546394386882766     
  0.579999983310699462890625000000000          0.535826972054760     
  0.580999970436096191406250000000000          0.525174946115047     
  0.582000017166137695312500000000000          0.514439348799233     
  0.583000004291534423828125000000000          0.503623155045224     
  0.583999991416931152343750000000000          0.492727435404589     
  0.584999978542327880859375000000000          0.481753910393465     
  0.586000025272369384765625000000000          0.470703651965532     
  0.587000012397766113281250000000000          0.459579722254332     
  0.587999999523162841796875000000000          0.448383221446031     
  0.588999986648559570312500000000000          0.437115917552374     
  0.589999973773956298828125000000000          0.425779589765449     
  0.591000020503997802734375000000000          0.414375346494606     
  0.592000007629394531250000000000000          0.402906347966012     
  0.592999994754791259765625000000000          0.391373727492661     
  0.593999981880187988281250000000000          0.379779306162124     
  0.595000028610229492187500000000000          0.368124218405139     
  0.596000015735626220703125000000000          0.356411693959309     
  0.597000002861022949218750000000000          0.344642889424524     
  0.597999989986419677734375000000000          0.332819663183596     
  0.598999977111816406250000000000000          0.320943882212934     
  0.600000023841857910156250000000000          0.309016709433054     
  0.601000010967254638671875000000000          0.297041449978950     
  0.601999998092651367187500000000000          0.285019285444257     
  0.602999985218048095703125000000000          0.272952114219238     
  0.603999972343444824218750000000000          0.260841841801051     
  0.605000019073486328125000000000000          0.248689655010479     
  0.606000006198883056640625000000000          0.236498921336078     
  0.606999993324279785156250000000000          0.224270842702025     
  0.607999980449676513671875000000000          0.212007350013968     
  0.609000027179718017578125000000000          0.199709645844501     
  0.610000014305114746093750000000000          0.187381138006452     
  0.611000001430511474609375000000000          0.175023041276415     
  0.611999988555908203125000000000000          0.162637307090877     
  0.612999975681304931640625000000000          0.150225891250484     
  0.614000022411346435546875000000000          0.137790011741689     
  0.615000009536743164062500000000000          0.125333114667046     
  0.615999996662139892578125000000000          0.112856426550297     
  0.616999983787536621093750000000000          0.100361917554398     
  0.617999970912933349609375000000000          8.785156065635814E-002
  0.619000017642974853515625000000000          7.532658444966511E-002
  0.620000004768371582031250000000000          6.279045972642938E-002
  0.620999991893768310546875000000000          5.024441991701992E-002
  0.621999979019165039062500000000000          3.769044613554851E-002
  0.623000025749206542968750000000000          2.512977197145188E-002
  0.624000012874603271484375000000000          1.256587810909024E-002
  0.625000000000000000000000000000000          2.167952532530945E-034
  0.625999987125396728515625000000000         -1.256587810909024E-002
  0.626999974250793457031250000000000         -2.512977197145188E-002
  0.628000020980834960937500000000000         -3.769044613554851E-002
  0.629000008106231689453125000000000         -5.024441991701992E-002
  0.629999995231628417968750000000000         -6.279045972642938E-002
  0.630999982357025146484375000000000         -7.532658444966511E-002
  0.632000029087066650390625000000000         -8.785156065635814E-002
  0.633000016212463378906250000000000         -0.100361917554398     
  0.634000003337860107421875000000000         -0.112856426550297     
  0.634999990463256835937500000000000         -0.125333114667046     
  0.635999977588653564453125000000000         -0.137790011741689     
  0.637000024318695068359375000000000         -0.150225891250484     
  0.638000011444091796875000000000000         -0.162637307090877     
  0.638999998569488525390625000000000         -0.175023041276415     
  0.639999985694885253906250000000000         -0.187381138006452     
  0.640999972820281982421875000000000         -0.199709645844501     
  0.642000019550323486328125000000000         -0.212007350013968     
  0.643000006675720214843750000000000         -0.224270842702025     
  0.643999993801116943359375000000000         -0.236498921336078     
  0.644999980926513671875000000000000         -0.248689655010479     
  0.646000027656555175781250000000000         -0.260841841801051     
  0.647000014781951904296875000000000         -0.272952114219238     
  0.648000001907348632812500000000000         -0.285019285444257     
  0.648999989032745361328125000000000         -0.297041449978950     
  0.649999976158142089843750000000000         -0.309016709433054     
  0.651000022888183593750000000000000         -0.320943882212934     
  0.652000010013580322265625000000000         -0.332819663183596     
  0.652999997138977050781250000000000         -0.344642889424524     
  0.653999984264373779296875000000000         -0.356411693959309     
  0.654999971389770507812500000000000         -0.368124218405139     
  0.656000018119812011718750000000000         -0.379779306162124     
  0.657000005245208740234375000000000         -0.391373727492661     
  0.657999992370605468750000000000000         -0.402906347966012     
  0.658999979496002197265625000000000         -0.414375346494606     
  0.660000026226043701171875000000000         -0.425779589765449     
  0.661000013351440429687500000000000         -0.437115917552374     
  0.662000000476837158203125000000000         -0.448383221446031     
  0.662999987602233886718750000000000         -0.459579722254332     
  0.663999974727630615234375000000000         -0.470703651965532     
  0.665000021457672119140625000000000         -0.481753910393465     
  0.666000008583068847656250000000000         -0.492727435404589     
  0.666999995708465576171875000000000         -0.503623155045224     
  0.667999982833862304687500000000000         -0.514439348799233     
  0.669000029563903808593750000000000         -0.525174946115047     
  0.670000016689300537109375000000000         -0.535826972054760     
  0.671000003814697265625000000000000         -0.546394386882766     
  0.671999990940093994140625000000000         -0.556875521924728     
  0.672999978065490722656250000000000         -0.567268722130538     
  0.674000024795532226562500000000000         -0.577572957785262     
  0.675000011920928955078125000000000         -0.587785373485487     
  0.675999999046325683593750000000000         -0.597904973451360     
  0.676999986171722412109375000000000         -0.607930159721883     
  0.677999973297119140625000000000000         -0.617859349244692     
  0.679000020027160644531250000000000         -0.627691557205294     
  0.680000007152557373046875000000000         -0.637424059003717     
  0.680999994277954101562500000000000         -0.647055906745747     
  0.681999981403350830078125000000000         -0.656585579490134     
  0.683000028133392333984375000000000         -0.666012131150240     
  0.684000015258789062500000000000000         -0.675332949537381     
  0.685000002384185791015625000000000         -0.684547127768998     
  0.685999989509582519531250000000000         -0.693653210857000     
  0.686999976634979248046875000000000         -0.702649760882331     
  0.688000023365020751953125000000000         -0.711535883516779     
  0.689000010490417480468750000000000         -0.720309116329770     
  0.689999997615814208984375000000000         -0.728968606911995     
  0.690999984741210937500000000000000         -0.737512987864716     
  0.691999971866607666015625000000000         -0.745940909965873     
  0.693000018596649169921875000000000         -0.754251534175175     
  0.694000005722045898437500000000000         -0.762442557538231     
  0.694999992847442626953125000000000         -0.770513185483043     
  0.695999979972839355468750000000000         -0.778462143596715     
  0.697000026702880859375000000000000         -0.786288639464494     
  0.698000013828277587890625000000000         -0.793990504288638     
  0.699000000953674316406250000000000         -0.801566992036304     
  0.699999988079071044921875000000000         -0.809016906323055     
  0.700999975204467773437500000000000         -0.816339070751354     
  0.702000021934509277343750000000000         -0.823532753988806     
  0.703000009059906005859375000000000         -0.830595962596172     
  0.703999996185302734375000000000000         -0.837528013849690     
  0.704999983310699462890625000000000         -0.844327813126292     
  0.705999970436096191406250000000000         -0.850994286686496     
  0.707000017166137695312500000000000         -0.857526767166496     
  0.708000004291534423828125000000000         -0.863923444352736     
  0.708999991416931152343750000000000         -0.870183701524923     
  0.709999978542327880859375000000000         -0.876306550141333     
  0.711000025272369384765625000000000         -0.882291375921986     
  0.712000012397766113281250000000000         -0.888136520413743     
  0.712999999523162841796875000000000         -0.893841421464501     
  0.713999986648559570312500000000000         -0.899405178227447     
  0.714999973773956298828125000000000         -0.904826912143514     
  0.716000020503997802734375000000000         -0.910106077453324     
  0.717000007629394531250000000000000         -0.915241211249084     
  0.717999994754791259765625000000000         -0.920231821569163     
  0.718999981880187988281250000000000         -0.925077120358630     
  0.720000028610229492187500000000000         -0.929776618238814     
  0.721000015735626220703125000000000         -0.934329012933376     
  0.722000002861022949218750000000000         -0.938733870044708     
  0.722999989986419677734375000000000         -0.942990494012722     
  0.723999977111816406250000000000000         -0.947098212684455     
  0.725000023841857910156250000000000         -0.951056608878340     
  0.726000010967254638671875000000000         -0.954864585684485     
  0.726999998092651367187500000000000         -0.958521782185906     
  0.727999985218048095703125000000000         -0.962027620883750     
  0.728999972343444824218750000000000         -0.965381548179701     
  0.730000019073486328125000000000000         -0.968583220735714     
  0.731000006198883056640625000000000         -0.971631751337343     
  0.731999993324279785156250000000000         -0.974526853972595     
  0.732999980449676513671875000000000         -0.977268071482976     
  0.734000027179718017578125000000000         -0.979855120595215     
  0.735000014305114746093750000000000         -0.982287284412970     
  0.736000001430511474609375000000000         -0.984564337675479     
  0.736999988555908203125000000000000         -0.986685920818894     
  0.737999975681304931640625000000000         -0.988651698829268     
  0.739000022411346435546875000000000         -0.990461464502393     
  0.740000009536743164062500000000000         -0.992114716334687     
  0.740999996662139892578125000000000         -0.993611305786270     
  0.741999983787536621093750000000000         -0.994950996534404     
  0.742999970912933349609375000000000         -0.996133577031837     
  0.744000017642974853515625000000000         -0.997158916961157     
  0.745000004768371582031250000000000         -0.998026732190748     
  0.745999991893768310546875000000000         -0.998736951487829     
  0.746999979019165039062500000000000         -0.999289462703427     
  0.748000025749206542968750000000000         -0.999684197414695     
  0.749000012874603271484375000000000         -0.999921046236825     
  0.750000000000000000000000000000000          -1.00000000000000     
  0.750999987125396728515625000000000         -0.999921046236825     
  0.751999974250793457031250000000000         -0.999684197414695     
  0.753000020980834960937500000000000         -0.999289462703427     
  0.754000008106231689453125000000000         -0.998736951487829     
  0.754999995231628417968750000000000         -0.998026732190748     
  0.755999982357025146484375000000000         -0.997158916961157     
  0.757000029087066650390625000000000         -0.996133577031837     
  0.758000016212463378906250000000000         -0.994950996534404     
  0.759000003337860107421875000000000         -0.993611305786270     
  0.759999990463256835937500000000000         -0.992114716334687     
  0.760999977588653564453125000000000         -0.990461464502393     
  0.762000024318695068359375000000000         -0.988651698829268     
  0.763000011444091796875000000000000         -0.986685920818894     
  0.763999998569488525390625000000000         -0.984564337675479     
  0.764999985694885253906250000000000         -0.982287284412970     
  0.765999972820281982421875000000000         -0.979855120595215     
  0.767000019550323486328125000000000         -0.977268071482976     
  0.768000006675720214843750000000000         -0.974526853972595     
  0.768999993801116943359375000000000         -0.971631751337343     
  0.769999980926513671875000000000000         -0.968583220735714     
  0.771000027656555175781250000000000         -0.965381548179701     
  0.772000014781951904296875000000000         -0.962027620883750     
  0.773000001907348632812500000000000         -0.958521782185906     
  0.773999989032745361328125000000000         -0.954864585684485     
  0.774999976158142089843750000000000         -0.951056608878340     
  0.776000022888183593750000000000000         -0.947098212684455     
  0.777000010013580322265625000000000         -0.942990494012722     
  0.777999997138977050781250000000000         -0.938733870044708     
  0.778999984264373779296875000000000         -0.934329012933376     
  0.779999971389770507812500000000000         -0.929776618238814     
  0.781000018119812011718750000000000         -0.925077120358630     
  0.782000005245208740234375000000000         -0.920231821569163     
  0.782999992370605468750000000000000         -0.915241211249084     
  0.783999979496002197265625000000000         -0.910106077453324     
  0.785000026226043701171875000000000         -0.904826912143514     
  0.786000013351440429687500000000000         -0.899405178227447     
  0.787000000476837158203125000000000         -0.893841421464501     
  0.787999987602233886718750000000000         -0.888136520413743     
  0.788999974727630615234375000000000         -0.882291375921986     
  0.790000021457672119140625000000000         -0.876306550141333     
  0.791000008583068847656250000000000         -0.870183701524923     
  0.791999995708465576171875000000000         -0.863923444352736     
  0.792999982833862304687500000000000         -0.857526767166496     
  0.794000029563903808593750000000000         -0.850994286686496     
  0.795000016689300537109375000000000         -0.844327813126292     
  0.796000003814697265625000000000000         -0.837528013849690     
  0.796999990940093994140625000000000         -0.830595962596172     
  0.797999978065490722656250000000000         -0.823532753988806     
  0.799000024795532226562500000000000         -0.816339070751354     
  0.800000011920928955078125000000000         -0.809016906323055     
  0.800999999046325683593750000000000         -0.801566992036304     
  0.801999986171722412109375000000000         -0.793990504288638     
  0.802999973297119140625000000000000         -0.786288639464494     
  0.804000020027160644531250000000000         -0.778462143596715     
  0.805000007152557373046875000000000         -0.770513185483043     
  0.805999994277954101562500000000000         -0.762442557538231     
  0.806999981403350830078125000000000         -0.754251534175175     
  0.808000028133392333984375000000000         -0.745940909965873     
  0.809000015258789062500000000000000         -0.737512987864716     
  0.810000002384185791015625000000000         -0.728968606911995     
  0.810999989509582519531250000000000         -0.720309116329770     
  0.811999976634979248046875000000000         -0.711535883516779     
  0.813000023365020751953125000000000         -0.702649760882331     
  0.814000010490417480468750000000000         -0.693653210857000     
  0.814999997615814208984375000000000         -0.684547127768998     
  0.815999984741210937500000000000000         -0.675332949537381     
  0.816999971866607666015625000000000         -0.666012131150240     
  0.818000018596649169921875000000000         -0.656585579490134     
  0.819000005722045898437500000000000         -0.647055906745747     
  0.819999992847442626953125000000000         -0.637424059003717     
  0.820999979972839355468750000000000         -0.627691557205294     
  0.822000026702880859375000000000000         -0.617859349244692     
  0.823000013828277587890625000000000         -0.607930159721883     
  0.824000000953674316406250000000000         -0.597904973451360     
  0.824999988079071044921875000000000         -0.587785373485487     
  0.825999975204467773437500000000000         -0.577572957785262     
  0.827000021934509277343750000000000         -0.567268722130538     
  0.828000009059906005859375000000000         -0.556875521924728     
  0.828999996185302734375000000000000         -0.546394386882766     
  0.829999983310699462890625000000000         -0.535826972054760     
  0.830999970436096191406250000000000         -0.525174946115047     
  0.832000017166137695312500000000000         -0.514439348799233     
  0.833000004291534423828125000000000         -0.503623155045224     
  0.833999991416931152343750000000000         -0.492727435404589     
  0.834999978542327880859375000000000         -0.481753910393465     
  0.836000025272369384765625000000000         -0.470703651965532     
  0.837000012397766113281250000000000         -0.459579722254332     
  0.837999999523162841796875000000000         -0.448383221446031     
  0.838999986648559570312500000000000         -0.437115917552374     
  0.839999973773956298828125000000000         -0.425779589765449     
  0.841000020503997802734375000000000         -0.414375346494606     
  0.842000007629394531250000000000000         -0.402906347966012     
  0.842999994754791259765625000000000         -0.391373727492661     
  0.843999981880187988281250000000000         -0.379779306162124     
  0.845000028610229492187500000000000         -0.368124218405139     
  0.846000015735626220703125000000000         -0.356411693959309     
  0.847000002861022949218750000000000         -0.344642889424524     
  0.847999989986419677734375000000000         -0.332819663183596     
  0.848999977111816406250000000000000         -0.320943882212934     
  0.850000023841857910156250000000000         -0.309016709433054     
  0.851000010967254638671875000000000         -0.297041449978950     
  0.851999998092651367187500000000000         -0.285019285444257     
  0.852999985218048095703125000000000         -0.272952114219238     
  0.853999972343444824218750000000000         -0.260841841801051     
  0.855000019073486328125000000000000         -0.248689655010479     
  0.856000006198883056640625000000000         -0.236498921336078     
  0.856999993324279785156250000000000         -0.224270842702025     
  0.857999980449676513671875000000000         -0.212007350013968     
  0.859000027179718017578125000000000         -0.199709645844501     
  0.860000014305114746093750000000000         -0.187381138006452     
  0.861000001430511474609375000000000         -0.175023041276415     
  0.861999988555908203125000000000000         -0.162637307090877     
  0.862999975681304931640625000000000         -0.150225891250484     
  0.864000022411346435546875000000000         -0.137790011741689     
  0.865000009536743164062500000000000         -0.125333114667046     
  0.865999996662139892578125000000000         -0.112856426550297     
  0.866999983787536621093750000000000         -0.100361917554398     
  0.867999970912933349609375000000000         -8.785156065635814E-002
  0.869000017642974853515625000000000         -7.532658444966511E-002
  0.870000004768371582031250000000000         -6.279045972642938E-002
  0.870999991893768310546875000000000         -5.024441991701992E-002
  0.871999979019165039062500000000000         -3.769044613554851E-002
  0.873000025749206542968750000000000         -2.512977197145188E-002
  0.874000012874603271484375000000000         -1.256587810909024E-002
  0.875000000000000000000000000000000         -3.035133545543323E-034
  0.875999987125396728515625000000000          1.256587810909024E-002
  0.876999974250793457031250000000000          2.512977197145188E-002
  0.878000020980834960937500000000000          3.769044613554851E-002
  0.879000008106231689453125000000000          5.024441991701992E-002
  0.879999995231628417968750000000000          6.279045972642938E-002
  0.880999982357025146484375000000000          7.532658444966511E-002
  0.882000029087066650390625000000000          8.785156065635814E-002
  0.883000016212463378906250000000000          0.100361917554398     
  0.884000003337860107421875000000000          0.112856426550297     
  0.884999990463256835937500000000000          0.125333114667046     
  0.885999977588653564453125000000000          0.137790011741689     
  0.887000024318695068359375000000000          0.150225891250484     
  0.888000011444091796875000000000000          0.162637307090877     
  0.888999998569488525390625000000000          0.175023041276415     
  0.889999985694885253906250000000000          0.187381138006452     
  0.890999972820281982421875000000000          0.199709645844501     
  0.892000019550323486328125000000000          0.212007350013968     
  0.893000006675720214843750000000000          0.224270842702025     
  0.893999993801116943359375000000000          0.236498921336078     
  0.894999980926513671875000000000000          0.248689655010479     
  0.896000027656555175781250000000000          0.260841841801051     
  0.897000014781951904296875000000000          0.272952114219238     
  0.898000001907348632812500000000000          0.285019285444257     
  0.898999989032745361328125000000000          0.297041449978950     
  0.899999976158142089843750000000000          0.309016709433054     
  0.901000022888183593750000000000000          0.320943882212934     
  0.902000010013580322265625000000000          0.332819663183596     
  0.902999997138977050781250000000000          0.344642889424524     
  0.903999984264373779296875000000000          0.356411693959309     
  0.904999971389770507812500000000000          0.368124218405139     
  0.906000018119812011718750000000000          0.379779306162124     
  0.907000005245208740234375000000000          0.391373727492661     
  0.907999992370605468750000000000000          0.402906347966012     
  0.908999979496002197265625000000000          0.414375346494606     
  0.910000026226043701171875000000000          0.425779589765449     
  0.911000013351440429687500000000000          0.437115917552374     
  0.912000000476837158203125000000000          0.448383221446031     
  0.912999987602233886718750000000000          0.459579722254332     
  0.913999974727630615234375000000000          0.470703651965532     
  0.915000021457672119140625000000000          0.481753910393465     
  0.916000008583068847656250000000000          0.492727435404589     
  0.916999995708465576171875000000000          0.503623155045224     
  0.917999982833862304687500000000000          0.514439348799233     
  0.919000029563903808593750000000000          0.525174946115047     
  0.920000016689300537109375000000000          0.535826972054760     
  0.921000003814697265625000000000000          0.546394386882766     
  0.921999990940093994140625000000000          0.556875521924728     
  0.922999978065490722656250000000000          0.567268722130538     
  0.924000024795532226562500000000000          0.577572957785262     
  0.925000011920928955078125000000000          0.587785373485487     
  0.925999999046325683593750000000000          0.597904973451360     
  0.926999986171722412109375000000000          0.607930159721883     
  0.927999973297119140625000000000000          0.617859349244692     
  0.929000020027160644531250000000000          0.627691557205294     
  0.930000007152557373046875000000000          0.637424059003717     
  0.930999994277954101562500000000000          0.647055906745747     
  0.931999981403350830078125000000000          0.656585579490134     
  0.933000028133392333984375000000000          0.666012131150240     
  0.934000015258789062500000000000000          0.675332949537381     
  0.935000002384185791015625000000000          0.684547127768998     
  0.935999989509582519531250000000000          0.693653210857000     
  0.936999976634979248046875000000000          0.702649760882331     
  0.938000023365020751953125000000000          0.711535883516779     
  0.939000010490417480468750000000000          0.720309116329770     
  0.939999997615814208984375000000000          0.728968606911995     
  0.940999984741210937500000000000000          0.737512987864716     
  0.941999971866607666015625000000000          0.745940909965873     
  0.943000018596649169921875000000000          0.754251534175175     
  0.944000005722045898437500000000000          0.762442557538231     
  0.944999992847442626953125000000000          0.770513185483043     
  0.945999979972839355468750000000000          0.778462143596715     
  0.947000026702880859375000000000000          0.786288639464494     
  0.948000013828277587890625000000000          0.793990504288638     
  0.949000000953674316406250000000000          0.801566992036304     
  0.949999988079071044921875000000000          0.809016906323055     
  0.950999975204467773437500000000000          0.816339070751354     
  0.952000021934509277343750000000000          0.823532753988806     
  0.953000009059906005859375000000000          0.830595962596172     
  0.953999996185302734375000000000000          0.837528013849690     
  0.954999983310699462890625000000000          0.844327813126292     
  0.955999970436096191406250000000000          0.850994286686496     
  0.957000017166137695312500000000000          0.857526767166496     
  0.958000004291534423828125000000000          0.863923444352736     
  0.958999991416931152343750000000000          0.870183701524923     
  0.959999978542327880859375000000000          0.876306550141333     
  0.961000025272369384765625000000000          0.882291375921986     
  0.962000012397766113281250000000000          0.888136520413743     
  0.962999999523162841796875000000000          0.893841421464501     
  0.963999986648559570312500000000000          0.899405178227447     
  0.964999973773956298828125000000000          0.904826912143514     
  0.966000020503997802734375000000000          0.910106077453324     
  0.967000007629394531250000000000000          0.915241211249084     
  0.967999994754791259765625000000000          0.920231821569163     
  0.968999981880187988281250000000000          0.925077120358630     
  0.970000028610229492187500000000000          0.929776618238814     
  0.971000015735626220703125000000000          0.934329012933376     
  0.972000002861022949218750000000000          0.938733870044708     
  0.972999989986419677734375000000000          0.942990494012722     
  0.973999977111816406250000000000000          0.947098212684455     
  0.975000023841857910156250000000000          0.951056608878340     
  0.976000010967254638671875000000000          0.954864585684485     
  0.976999998092651367187500000000000          0.958521782185906     
  0.977999985218048095703125000000000          0.962027620883750     
  0.978999972343444824218750000000000          0.965381548179701     
  0.980000019073486328125000000000000          0.968583220735714     
  0.981000006198883056640625000000000          0.971631751337343     
  0.981999993324279785156250000000000          0.974526853972595     
  0.982999980449676513671875000000000          0.977268071482976     
  0.984000027179718017578125000000000          0.979855120595215     
  0.985000014305114746093750000000000          0.982287284412970     
  0.986000001430511474609375000000000          0.984564337675479     
  0.986999988555908203125000000000000          0.986685920818894     
  0.987999975681304931640625000000000          0.988651698829268     
  0.989000022411346435546875000000000          0.990461464502393     
  0.990000009536743164062500000000000          0.992114716334687     
  0.990999996662139892578125000000000          0.993611305786270     
  0.991999983787536621093750000000000          0.994950996534404     
  0.992999970912933349609375000000000          0.996133577031837     
  0.994000017642974853515625000000000          0.997158916961157     
  0.995000004768371582031250000000000          0.998026732190748     
  0.995999991893768310546875000000000          0.998736951487829     
  0.996999979019165039062500000000000          0.999289462703427     
  0.998000025749206542968750000000000          0.999684197414695     
  0.999000012874603271484375000000000          0.999921046236825     
   1.00000000000000000000000000000000           1.00000000000000     
