  1.000000047497451305389404296875000E-0003    0.997121056062248     
  2.000000094994902610778808593750000E-0003    0.996838191623240     
  3.000000026077032089233398437500000E-0003    0.996397914878059     
  4.000000189989805221557617187500000E-0003    0.995800295351508     
  4.999999888241291046142578125000000E-0003    0.995045427414638     
  6.000000052154064178466796875000000E-0003    0.994133430269847     
  7.000000216066837310791015625000000E-0003    0.993064447932055     
  8.000000379979610443115234375000000E-0003    0.991838649205967     
  8.999999612569808959960937500000000E-0003    0.990456227659411     
  9.999999776482582092285156250000000E-0003    0.988917401592775     
  1.099999994039535522460937500000000E-0002    0.987222414004533     
  1.200000010430812835693359375000000E-0002    0.985371532552874     
  1.300000026822090148925781250000000E-0002    0.983365049513436     
  1.400000043213367462158203125000000E-0002    0.981203281733151     
  1.499999966472387313842773437500000E-0002    0.978886570580210     
  1.600000075995922088623046875000000E-0002    0.976415281890162     
  1.700000092387199401855468750000000E-0002    0.973789805908138     
  1.799999922513961791992187500000000E-0002    0.971010557227232     
  1.899999938905239105224609375000000E-0002    0.968077974723029     
  1.999999955296516418457031250000000E-0002    0.964992521484300     
  2.099999971687793731689453125000000E-0002    0.961754684739881     
  2.199999988079071044921875000000000E-0002    0.958364975781728     
  2.300000004470348358154296875000000E-0002    0.954823929884179     
  2.400000020861625671386718750000000E-0002    0.951132106219432     
  2.500000037252902984619140625000000E-0002    0.947290087769239     
  2.600000053644180297851562500000000E-0002    0.943298481232853     
  2.700000070035457611083984375000000E-0002    0.939157916931217     
  2.800000086426734924316406250000000E-0002    0.934869048707433     
  2.899999916553497314453125000000000E-0002    0.930432553823513     
  2.999999932944774627685546875000000E-0002    0.925849132853428     
  3.099999949336051940917968750000000E-0002    0.921119509572481     
  3.200000151991844177246093750000000E-0002    0.916244430843017     
  3.299999982118606567382812500000000E-0002    0.911224666496481     
  3.400000184774398803710937500000000E-0002    0.906061009211853     
  3.500000014901161193847656250000000E-0002    0.900754274390479     
  3.599999845027923583984375000000000E-0002    0.895305300027303     
  3.700000047683715820312500000000000E-0002    0.889714946578544     
  3.799999877810478210449218750000000E-0002    0.883984096825818     
  3.900000080466270446777343750000000E-0002    0.878113655736734     
  3.999999910593032836914062500000000E-0002    0.872104550321994     
  4.100000113248825073242187500000000E-0002    0.865957729489000     
  4.199999943375587463378906250000000E-0002    0.859674163892020     
  4.300000146031379699707031250000000E-0002    0.853254845778902     
  4.399999976158142089843750000000000E-0002    0.846700788834392     
  4.500000178813934326171875000000000E-0002    0.840013028020058     
  4.600000008940696716308593750000000E-0002    0.833192619410860     
  4.699999839067459106445312500000000E-0002    0.826240640028381     
  4.800000041723251342773437500000000E-0002    0.819158187670757     
  4.899999871850013732910156250000000E-0002    0.811946380739316     
  5.000000074505805969238281250000000E-0002    0.804606358061976     
  5.099999904632568359375000000000000E-0002    0.797139278713404     
  5.200000107288360595703125000000000E-0002    0.789546321831993     
  5.299999937415122985839843750000000E-0002    0.781828686433652     
  5.400000140070915222167968750000000E-0002    0.773987591222479     
  5.499999970197677612304687500000000E-0002    0.766024274398302     
  5.600000172853469848632812500000000E-0002    0.757939993461163     
  5.700000002980232238769531250000000E-0002    0.749736025012737     
  5.799999833106994628906250000000000E-0002    0.741413664554746     
  5.900000035762786865234375000000000E-0002    0.732974226284381     
  5.999999865889549255371093750000000E-0002    0.724419042886780     
  6.100000068545341491699218750000000E-0002    0.715749465324575     
  6.199999898672103881835937500000000E-0002    0.706966862624564     
  6.300000101327896118164062500000000E-0002    0.698072621661525     
  6.400000303983688354492187500000000E-0002    0.689068146939211     
  6.499999761581420898437500000000000E-0002    0.679954860368563     
  6.599999964237213134765625000000000E-0002    0.670734201043177     
  6.700000166893005371093750000000000E-0002    0.661407625012049     
  6.800000369548797607421875000000000E-0002    0.651976605049651     
  6.899999827146530151367187500000000E-0002    0.642442630423362     
  7.000000029802322387695312500000000E-0002    0.632807206658299     
  7.100000232458114624023437500000000E-0002    0.623071855299571     
  7.199999690055847167968750000000000E-0002    0.613238113672013     
  7.299999892711639404296875000000000E-0002    0.603307534637424     
  7.400000095367431640625000000000000E-0002    0.593281686349353     
  7.500000298023223876953125000000000E-0002    0.583162152005468     
  7.599999755620956420898437500000000E-0002    0.572950529597551     
  7.699999958276748657226562500000000E-0002    0.562648431659157     
  7.800000160932540893554687500000000E-0002    0.552257485010977     
  7.900000363588333129882812500000000E-0002    0.541779330503942     
  7.999999821186065673828125000000000E-0002    0.531215622760116     
  8.100000023841857910156250000000000E-0002    0.520568029911408     
  8.200000226497650146484375000000000E-0002    0.509838233336161     
  8.299999684095382690429687500000000E-0002    0.499027927393638     
  8.399999886751174926757812500000000E-0002    0.488138819156465     
  8.500000089406967163085937500000000E-0002    0.477172628141062     
  8.600000292062759399414062500000000E-0002    0.466131086036115     
  8.699999749660491943359375000000000E-0002    0.455015936429120     
  8.799999952316284179687500000000000E-0002    0.443828934531051     
  8.900000154972076416015625000000000E-0002    0.432571846899191     
  9.000000357627868652343750000000000E-0002    0.421246451158173     
  9.099999815225601196289062500000000E-0002    0.409854535719274     
  9.200000017881393432617187500000000E-0002    0.398397899498001     
  9.300000220537185668945312500000000E-0002    0.386878351630022     
  9.399999678134918212890625000000000E-0002    0.375297711185484     
  9.499999880790710449218750000000000E-0002    0.363657806881761     
  9.600000083446502685546875000000000E-0002    0.351960476794676     
  9.700000286102294921875000000000000E-0002    0.340207568068250     
  9.799999743700027465820312500000000E-0002    0.328400936623015     
  9.899999946355819702148437500000000E-0002    0.316542446862943     
  0.100000001490116119384765625000000          0.304633971381034     
  0.101000003516674041748046875000000          0.292677390663616     
  0.101999998092651367187500000000000          0.280674592793387     
  0.103000000119209289550781250000000          0.268627473151274     
  0.104000002145767211914062500000000          0.256537934117122     
  0.104999996721744537353515625000000          0.244407884769290     
  0.105999998748302459716796875000000          0.232239240583187     
  0.107000000774860382080078125000000          0.220033923128794     
  0.108000002801418304443359375000000          0.207793859767224     
  0.108999997377395629882812500000000          0.195520983346374     
  0.109999999403953552246093750000000          0.183217231895703     
  0.111000001430511474609375000000000          0.170884548320194     
  0.112000003457069396972656250000000          0.158524880093548     
  0.112999998033046722412109375000000          0.146140178950657     
  0.114000000059604644775390625000000          0.133732400579399     
  0.115000002086162567138671875000000          0.121303504311814     
  0.115999996662139892578125000000000          0.108855452814704     
  0.116999998688697814941406250000000          9.639021177970168E-002
  0.118000000715255737304687500000000          8.390974961286868E-002
  0.119000002741813659667968750000000          7.141603712385930E-002
  0.119999997317790985107421875000000          5.891104721470689E-002
  0.120999999344348907470703125000000          4.639675456828074E-002
  0.122000001370906829833984375000000          3.387513533646008E-002
  0.123000003397464752197265625000000          2.134816682807674E-002
  0.123999997973442077636718750000000          8.817827196675263E-003
  0.125000000000000000000000000000000         -3.713904871859657E-003
  0.126000002026557922363281250000000         -1.624505047176280E-002
  0.127000004053115844726562500000000         -2.877363078987751E-002
  0.128000006079673767089843750000000         -4.129766741813599E-002
  0.128999993205070495605468750000000         -5.381518266597166E-002
  0.129999995231628417968750000000000         -6.632419987261884E-002
  0.130999997258186340332031250000000         -7.882274371925162E-002
  0.131999999284744262695312500000000         -9.130884054090896E-002
  0.133000001311302185058593750000000         -0.103780518638159     
  0.134000003337860107421875000000000         -0.116235808588455     
  0.135000005364418029785156250000000         -0.128672743557125     
  0.136000007390975952148437500000000         -0.141089359607967     
  0.136999994516372680664062500000000         -0.153483696013367     
  0.137999996542930603027343750000000         -0.165853795563926     
  0.138999998569488525390625000000000         -0.178197704877528     
  0.140000000596046447753906250000000         -0.190513474707797     
  0.141000002622604370117187500000000         -0.202799160251907     
  0.142000004649162292480468750000000         -0.215052821457690     
  0.143000006675720214843750000000000         -0.227272523329994     
  0.143999993801116943359375000000000         -0.239456336236238     
  0.144999995827674865722656250000000         -0.251602336211124     
  0.145999997854232788085937500000000         -0.263708605260455     
  0.146999999880790710449218750000000         -0.275773231664009     
  0.148000001907348632812500000000000         -0.287794310277418     
  0.149000003933906555175781250000000         -0.299769942833017     
  0.150000005960464477539062500000000         -0.311698238239600     
  0.150999993085861206054687500000000         -0.323577312881043     
  0.151999995112419128417968750000000         -0.335405290913755     
  0.152999997138977050781250000000000         -0.347180304562891     
  0.153999999165534973144531250000000         -0.358900494417294     
  0.155000001192092895507812500000000         -0.370564009723123     
  0.156000003218650817871093750000000         -0.382169008676102     
  0.157000005245208740234375000000000         -0.393713658712367     
  0.158000007271766662597656250000000         -0.405196136797848     
  0.158999994397163391113281250000000         -0.416614629716146     
  0.159999996423721313476562500000000         -0.427967334354861     
  0.160999998450279235839843750000000         -0.439252457990328     
  0.162000000476837158203125000000000         -0.450468218570702     
  0.163000002503395080566406250000000         -0.461612844997370     
  0.164000004529953002929687500000000         -0.472684577404627     
  0.165000006556510925292968750000000         -0.483681667437578     
  0.165999993681907653808593750000000         -0.494602378528226     
  0.166999995708465576171875000000000         -0.505444986169691     
  0.167999997735023498535156250000000         -0.516207778188535     
  0.168999999761581420898437500000000         -0.526889055015134     
  0.170000001788139343261718750000000         -0.537487129952054     
  0.171000003814697265625000000000000         -0.548000329440406     
  0.172000005841255187988281250000000         -0.558426993324118     
  0.172999992966651916503906250000000         -0.568765475112093     
  0.173999994993209838867187500000000         -0.579014142238209     
  0.174999997019767761230468750000000         -0.589171376319121     
  0.175999999046325683593750000000000         -0.599235573409820     
  0.177000001072883605957031250000000         -0.609205144256920     
  0.178000003099441528320312500000000         -0.619078514549611     
  0.179000005125999450683593750000000         -0.628854125168269     
  0.180000007152557373046875000000000         -0.638530432430654     
  0.180999994277954101562500000000000         -0.648105908335679     
  0.181999996304512023925781250000000         -0.657579040804696     
  0.182999998331069946289062500000000         -0.666948333920272     
  0.184000000357627868652343750000000         -0.676212308162411     
  0.185000002384185791015625000000000         -0.685369500642190     
  0.186000004410743713378906250000000         -0.694418465332762     
  0.187000006437301635742187500000000         -0.703357773297704     
  0.187999993562698364257812500000000         -0.712186012916660     
  0.188999995589256286621093750000000         -0.720901790108254     
  0.189999997615814208984375000000000         -0.729503728550232     
  0.190999999642372131347656250000000         -0.737990469896796     
  0.192000001668930053710937500000000         -0.746360673993106     
  0.193000003695487976074218750000000         -0.754613019086906     
  0.194000005722045898437500000000000         -0.762746202037240     
  0.194999992847442626953125000000000         -0.770758938520238     
  0.195999994874000549316406250000000         -0.778649963231922     
  0.196999996900558471679687500000000         -0.786418030088016     
  0.197999998927116394042968750000000         -0.794061912420711     
  0.199000000953674316406250000000000         -0.801580403172377     
  0.200000002980232238769531250000000         -0.808972315086168     
  0.201000005006790161132812500000000         -0.816236480893502     
  0.202000007033348083496093750000000         -0.823371753498390     
  0.202999994158744812011718750000000         -0.830377006158572     
  0.203999996185302734375000000000000         -0.837251132663446     
  0.204999998211860656738281250000000         -0.843993047508749     
  0.206000000238418579101562500000000         -0.850601686067973     
  0.207000002264976501464843750000000         -0.857076004760479     
  0.208000004291534423828125000000000         -0.863414981216294     
  0.209000006318092346191406250000000         -0.869617614437550     
  0.209999993443489074707031250000000         -0.875682924956559     
  0.210999995470046997070312500000000         -0.881609954990479     
  0.211999997496604919433593750000000         -0.887397768592560     
  0.212999999523162841796875000000000         -0.893045451799938     
  0.214000001549720764160156250000000         -0.898552112777966     
  0.215000003576278686523437500000000         -0.903916881961039     
  0.216000005602836608886718750000000         -0.909138912189914     
  0.216999992728233337402343750000000         -0.914217378845482     
  0.217999994754791259765625000000000         -0.919151479978986     
  0.218999996781349182128906250000000         -0.923940436438659     
  0.219999998807907104492187500000000         -0.928583491992762     
  0.221000000834465026855468750000000         -0.933079913448997     
  0.222000002861022949218750000000000         -0.937428990770293     
  0.223000004887580871582031250000000         -0.941630037186925     
  0.224000006914138793945312500000000         -0.945682389304963     
  0.224999994039535522460937500000000         -0.949585407211033     
  0.225999996066093444824218750000000         -0.953338474573360     
  0.226999998092651367187500000000000         -0.956940998739101     
  0.228000000119209289550781250000000         -0.960392410827931     
  0.229000002145767211914062500000000         -0.963692165821868     
  0.230000004172325134277343750000000         -0.966839742651348     
  0.231000006198883056640625000000000         -0.969834644277501     
  0.231999993324279785156250000000000         -0.972676397770643     
  0.232999995350837707519531250000000         -0.975364554384955     
  0.233999997377395629882812500000000         -0.977898689629345     
  0.234999999403953552246093750000000         -0.980278403334481     
  0.236000001430511474609375000000000         -0.982503319715983     
  0.237000003457069396972656250000000         -0.984573087433761     
  0.238000005483627319335937500000000         -0.986487379647501     
  0.238999992609024047851562500000000         -0.988245894068270     
  0.239999994635581970214843750000000         -0.989848353006255     
  0.240999996662139892578125000000000         -0.991294503414615     
  0.241999998688697814941406250000000         -0.992584116929436     
  0.243000000715255737304687500000000         -0.993716989905792     
  0.244000002741813659667968750000000         -0.994692943449910     
  0.245000004768371582031250000000000         -0.995511823447411     
  0.246000006794929504394531250000000         -0.996173500587651     
  0.246999993920326232910156250000000         -0.996677870384137     
  0.247999995946884155273437500000000         -0.997024853191035     
  0.248999997973442077636718750000000         -0.997214394215734     
  0.250000000000000000000000000000000         -0.997246463527510     
  0.250999987125396728515625000000000         -0.997121056062248     
  0.252000004053115844726562500000000         -0.996838191623240     
  0.252999991178512573242187500000000         -0.996397914878059     
  0.254000008106231689453125000000000         -0.995800295351508     
  0.254999995231628417968750000000000         -0.995045427414638     
  0.256000012159347534179687500000000         -0.994133430269847     
  0.256999999284744262695312500000000         -0.993064447932055     
  0.257999986410140991210937500000000         -0.991838649205967     
  0.259000003337860107421875000000000         -0.990456227659411     
  0.259999990463256835937500000000000         -0.988917401592775     
  0.261000007390975952148437500000000         -0.987222414004533     
  0.261999994516372680664062500000000         -0.985371532552874     
  0.263000011444091796875000000000000         -0.983365049513436     
  0.263999998569488525390625000000000         -0.981203281733150     
  0.264999985694885253906250000000000         -0.978886570580210     
  0.266000002622604370117187500000000         -0.976415281890162     
  0.266999989748001098632812500000000         -0.973789805908138     
  0.268000006675720214843750000000000         -0.971010557227232     
  0.268999993801116943359375000000000         -0.968077974723028     
  0.270000010728836059570312500000000         -0.964992521484300     
  0.270999997854232788085937500000000         -0.961754684739881     
  0.272000014781951904296875000000000         -0.958364975781728     
  0.273000001907348632812500000000000         -0.954823929884179     
  0.273999989032745361328125000000000         -0.951132106219432     
  0.275000005960464477539062500000000         -0.947290087769239     
  0.275999993085861206054687500000000         -0.943298481232853     
  0.277000010013580322265625000000000         -0.939157916931217     
  0.277999997138977050781250000000000         -0.934869048707433     
  0.279000014066696166992187500000000         -0.930432553823513     
  0.280000001192092895507812500000000         -0.925849132853428     
  0.280999988317489624023437500000000         -0.921119509572482     
  0.282000005245208740234375000000000         -0.916244430843018     
  0.282999992370605468750000000000000         -0.911224666496481     
  0.284000009298324584960937500000000         -0.906061009211853     
  0.284999996423721313476562500000000         -0.900754274390478     
  0.286000013351440429687500000000000         -0.895305300027303     
  0.287000000476837158203125000000000         -0.889714946578544     
  0.287999987602233886718750000000000         -0.883984096825818     
  0.289000004529953002929687500000000         -0.878113655736734     
  0.289999991655349731445312500000000         -0.872104550321994     
  0.291000008583068847656250000000000         -0.865957729489000     
  0.291999995708465576171875000000000         -0.859674163892020     
  0.293000012636184692382812500000000         -0.853254845778903     
  0.293999999761581420898437500000000         -0.846700788834392     
  0.294999986886978149414062500000000         -0.840013028020058     
  0.296000003814697265625000000000000         -0.833192619410860     
  0.296999990940093994140625000000000         -0.826240640028381     
  0.298000007867813110351562500000000         -0.819158187670757     
  0.298999994993209838867187500000000         -0.811946380739316     
  0.300000011920928955078125000000000         -0.804606358061976     
  0.300999999046325683593750000000000         -0.797139278713405     
  0.301999986171722412109375000000000         -0.789546321831993     
  0.303000003099441528320312500000000         -0.781828686433652     
  0.303999990224838256835937500000000         -0.773987591222479     
  0.305000007152557373046875000000000         -0.766024274398302     
  0.305999994277954101562500000000000         -0.757939993461163     
  0.307000011205673217773437500000000         -0.749736025012737     
  0.307999998331069946289062500000000         -0.741413664554746     
  0.308999985456466674804687500000000         -0.732974226284381     
  0.310000002384185791015625000000000         -0.724419042886780     
  0.310999989509582519531250000000000         -0.715749465324575     
  0.312000006437301635742187500000000         -0.706966862624564     
  0.312999993562698364257812500000000         -0.698072621661525     
  0.314000010490417480468750000000000         -0.689068146939211     
  0.314999997615814208984375000000000         -0.679954860368563     
  0.316000014543533325195312500000000         -0.670734201043177     
  0.317000001668930053710937500000000         -0.661407625012049     
  0.317999988794326782226562500000000         -0.651976605049650     
  0.319000005722045898437500000000000         -0.642442630423363     
  0.319999992847442626953125000000000         -0.632807206658299     
  0.321000009775161743164062500000000         -0.623071855299571     
  0.321999996900558471679687500000000         -0.613238113672013     
  0.323000013828277587890625000000000         -0.603307534637424     
  0.324000000953674316406250000000000         -0.593281686349353     
  0.324999988079071044921875000000000         -0.583162152005468     
  0.326000005006790161132812500000000         -0.572950529597551     
  0.326999992132186889648437500000000         -0.562648431659157     
  0.328000009059906005859375000000000         -0.552257485010978     
  0.328999996185302734375000000000000         -0.541779330503942     
  0.330000013113021850585937500000000         -0.531215622760115     
  0.331000000238418579101562500000000         -0.520568029911408     
  0.331999987363815307617187500000000         -0.509838233336161     
  0.333000004291534423828125000000000         -0.499027927393639     
  0.333999991416931152343750000000000         -0.488138819156465     
  0.335000008344650268554687500000000         -0.477172628141062     
  0.335999995470046997070312500000000         -0.466131086036115     
  0.337000012397766113281250000000000         -0.455015936429120     
  0.337999999523162841796875000000000         -0.443828934531051     
  0.338999986648559570312500000000000         -0.432571846899191     
  0.340000003576278686523437500000000         -0.421246451158173     
  0.340999990701675415039062500000000         -0.409854535719274     
  0.342000007629394531250000000000000         -0.398397899498001     
  0.342999994754791259765625000000000         -0.386878351630021     
  0.344000011682510375976562500000000         -0.375297711185484     
  0.344999998807907104492187500000000         -0.363657806881761     
  0.345999985933303833007812500000000         -0.351960476794676     
  0.347000002861022949218750000000000         -0.340207568068250     
  0.347999989986419677734375000000000         -0.328400936623015     
  0.349000006914138793945312500000000         -0.316542446862943     
  0.349999994039535522460937500000000         -0.304633971381034     
  0.351000010967254638671875000000000         -0.292677390663616     
  0.351999998092651367187500000000000         -0.280674592793388     
  0.352999985218048095703125000000000         -0.268627473151274     
  0.354000002145767211914062500000000         -0.256537934117122     
  0.354999989271163940429687500000000         -0.244407884769290     
  0.356000006198883056640625000000000         -0.232239240583187     
  0.356999993324279785156250000000000         -0.220033923128794     
  0.358000010251998901367187500000000         -0.207793859767224     
  0.358999997377395629882812500000000         -0.195520983346374     
  0.360000014305114746093750000000000         -0.183217231895703     
  0.361000001430511474609375000000000         -0.170884548320193     
  0.361999988555908203125000000000000         -0.158524880093548     
  0.363000005483627319335937500000000         -0.146140178950657     
  0.363999992609024047851562500000000         -0.133732400579399     
  0.365000009536743164062500000000000         -0.121303504311814     
  0.365999996662139892578125000000000         -0.108855452814704     
  0.367000013589859008789062500000000         -9.639021177970164E-002
  0.368000000715255737304687500000000         -8.390974961286896E-002
  0.368999987840652465820312500000000         -7.141603712385911E-002
  0.370000004768371582031250000000000         -5.891104721470680E-002
  0.370999991893768310546875000000000         -4.639675456828059E-002
  0.372000008821487426757812500000000         -3.387513533645989E-002
  0.372999995946884155273437500000000         -2.134816682807667E-002
  0.374000012874603271484375000000000         -8.817827196675239E-003
  0.375000000000000000000000000000000          3.713904871859711E-003
  0.375999987125396728515625000000000          1.624505047176251E-002
  0.377000004053115844726562500000000          2.877363078987764E-002
  0.377999991178512573242187500000000          4.129766741813614E-002
  0.379000008106231689453125000000000          5.381518266597180E-002
  0.379999995231628417968750000000000          6.632419987261876E-002
  0.381000012159347534179687500000000          7.882274371925155E-002
  0.381999999284744262695312500000000          9.130884054090904E-002
  0.382999986410140991210937500000000          0.103780518638159     
  0.384000003337860107421875000000000          0.116235808588454     
  0.384999990463256835937500000000000          0.128672743557125     
  0.386000007390975952148437500000000          0.141089359607967     
  0.386999994516372680664062500000000          0.153483696013367     
  0.388000011444091796875000000000000          0.165853795563926     
  0.388999998569488525390625000000000          0.178197704877528     
  0.389999985694885253906250000000000          0.190513474707797     
  0.391000002622604370117187500000000          0.202799160251907     
  0.391999989748001098632812500000000          0.215052821457690     
  0.393000006675720214843750000000000          0.227272523329994     
  0.393999993801116943359375000000000          0.239456336236238     
  0.395000010728836059570312500000000          0.251602336211124     
  0.395999997854232788085937500000000          0.263708605260455     
  0.397000014781951904296875000000000          0.275773231664009     
  0.398000001907348632812500000000000          0.287794310277418     
  0.398999989032745361328125000000000          0.299769942833017     
  0.400000005960464477539062500000000          0.311698238239599     
  0.400999993085861206054687500000000          0.323577312881043     
  0.402000010013580322265625000000000          0.335405290913755     
  0.402999997138977050781250000000000          0.347180304562891     
  0.404000014066696166992187500000000          0.358900494417294     
  0.405000001192092895507812500000000          0.370564009723123     
  0.405999988317489624023437500000000          0.382169008676102     
  0.407000005245208740234375000000000          0.393713658712367     
  0.407999992370605468750000000000000          0.405196136797848     
  0.409000009298324584960937500000000          0.416614629716146     
  0.409999996423721313476562500000000          0.427967334354861     
  0.411000013351440429687500000000000          0.439252457990328     
  0.412000000476837158203125000000000          0.450468218570702     
  0.412999987602233886718750000000000          0.461612844997370     
  0.414000004529953002929687500000000          0.472684577404627     
  0.414999991655349731445312500000000          0.483681667437578     
  0.416000008583068847656250000000000          0.494602378528226     
  0.416999995708465576171875000000000          0.505444986169691     
  0.418000012636184692382812500000000          0.516207778188536     
  0.418999999761581420898437500000000          0.526889055015134     
  0.419999986886978149414062500000000          0.537487129952054     
  0.421000003814697265625000000000000          0.548000329440406     
  0.421999990940093994140625000000000          0.558426993324118     
  0.423000007867813110351562500000000          0.568765475112092     
  0.423999994993209838867187500000000          0.579014142238209     
  0.425000011920928955078125000000000          0.589171376319121     
  0.425999999046325683593750000000000          0.599235573409820     
  0.426999986171722412109375000000000          0.609205144256920     
  0.428000003099441528320312500000000          0.619078514549611     
  0.428999990224838256835937500000000          0.628854125168268     
  0.430000007152557373046875000000000          0.638530432430654     
  0.430999994277954101562500000000000          0.648105908335679     
  0.432000011205673217773437500000000          0.657579040804696     
  0.432999998331069946289062500000000          0.666948333920272     
  0.433999985456466674804687500000000          0.676212308162411     
  0.435000002384185791015625000000000          0.685369500642190     
  0.435999989509582519531250000000000          0.694418465332762     
  0.437000006437301635742187500000000          0.703357773297704     
  0.437999993562698364257812500000000          0.712186012916660     
  0.439000010490417480468750000000000          0.720901790108254     
  0.439999997615814208984375000000000          0.729503728550232     
  0.441000014543533325195312500000000          0.737990469896796     
  0.442000001668930053710937500000000          0.746360673993106     
  0.442999988794326782226562500000000          0.754613019086906     
  0.444000005722045898437500000000000          0.762746202037240     
  0.444999992847442626953125000000000          0.770758938520237     
  0.446000009775161743164062500000000          0.778649963231922     
  0.446999996900558471679687500000000          0.786418030088015     
  0.448000013828277587890625000000000          0.794061912420711     
  0.449000000953674316406250000000000          0.801580403172377     
  0.449999988079071044921875000000000          0.808972315086168     
  0.451000005006790161132812500000000          0.816236480893502     
  0.451999992132186889648437500000000          0.823371753498390     
  0.453000009059906005859375000000000          0.830377006158572     
  0.453999996185302734375000000000000          0.837251132663446     
  0.455000013113021850585937500000000          0.843993047508749     
  0.456000000238418579101562500000000          0.850601686067973     
  0.456999987363815307617187500000000          0.857076004760479     
  0.458000004291534423828125000000000          0.863414981216294     
  0.458999991416931152343750000000000          0.869617614437550     
  0.460000008344650268554687500000000          0.875682924956559     
  0.460999995470046997070312500000000          0.881609954990479     
  0.462000012397766113281250000000000          0.887397768592560     
  0.462999999523162841796875000000000          0.893045451799938     
  0.463999986648559570312500000000000          0.898552112777966     
  0.465000003576278686523437500000000          0.903916881961039     
  0.465999990701675415039062500000000          0.909138912189915     
  0.467000007629394531250000000000000          0.914217378845482     
  0.467999994754791259765625000000000          0.919151479978986     
  0.469000011682510375976562500000000          0.923940436438659     
  0.469999998807907104492187500000000          0.928583491992762     
  0.470999985933303833007812500000000          0.933079913448997     
  0.472000002861022949218750000000000          0.937428990770293     
  0.472999989986419677734375000000000          0.941630037186925     
  0.474000006914138793945312500000000          0.945682389304963     
  0.474999994039535522460937500000000          0.949585407211032     
  0.476000010967254638671875000000000          0.953338474573360     
  0.476999998092651367187500000000000          0.956940998739101     
  0.477999985218048095703125000000000          0.960392410827930     
  0.479000002145767211914062500000000          0.963692165821868     
  0.479999989271163940429687500000000          0.966839742651348     
  0.481000006198883056640625000000000          0.969834644277501     
  0.481999993324279785156250000000000          0.972676397770644     
  0.483000010251998901367187500000000          0.975364554384955     
  0.483999997377395629882812500000000          0.977898689629345     
  0.485000014305114746093750000000000          0.980278403334481     
  0.486000001430511474609375000000000          0.982503319715983     
  0.486999988555908203125000000000000          0.984573087433761     
  0.488000005483627319335937500000000          0.986487379647501     
  0.488999992609024047851562500000000          0.988245894068270     
  0.490000009536743164062500000000000          0.989848353006256     
  0.490999996662139892578125000000000          0.991294503414615     
  0.492000013589859008789062500000000          0.992584116929436     
  0.493000000715255737304687500000000          0.993716989905792     
  0.493999987840652465820312500000000          0.994692943449910     
  0.495000004768371582031250000000000          0.995511823447411     
  0.495999991893768310546875000000000          0.996173500587650     
  0.497000008821487426757812500000000          0.996677870384138     
  0.497999995946884155273437500000000          0.997024853191035     
  0.499000012874603271484375000000000          0.997214394215734     
  0.500000000000000000000000000000000          0.997246463527510     
  0.500999987125396728515625000000000          0.997121056062248     
  0.501999974250793457031250000000000          0.996838191623240     
  0.503000020980834960937500000000000          0.996397914878059     
  0.504000008106231689453125000000000          0.995800295351508     
  0.504999995231628417968750000000000          0.995045427414638     
  0.505999982357025146484375000000000          0.994133430269847     
  0.507000029087066650390625000000000          0.993064447932055     
  0.508000016212463378906250000000000          0.991838649205967     
  0.509000003337860107421875000000000          0.990456227659411     
  0.509999990463256835937500000000000          0.988917401592775     
  0.510999977588653564453125000000000          0.987222414004533     
  0.512000024318695068359375000000000          0.985371532552874     
  0.513000011444091796875000000000000          0.983365049513436     
  0.513999998569488525390625000000000          0.981203281733150     
  0.514999985694885253906250000000000          0.978886570580210     
  0.515999972820281982421875000000000          0.976415281890162     
  0.517000019550323486328125000000000          0.973789805908138     
  0.518000006675720214843750000000000          0.971010557227232     
  0.518999993801116943359375000000000          0.968077974723029     
  0.519999980926513671875000000000000          0.964992521484300     
  0.521000027656555175781250000000000          0.961754684739881     
  0.522000014781951904296875000000000          0.958364975781728     
  0.523000001907348632812500000000000          0.954823929884179     
  0.523999989032745361328125000000000          0.951132106219432     
  0.524999976158142089843750000000000          0.947290087769239     
  0.526000022888183593750000000000000          0.943298481232853     
  0.527000010013580322265625000000000          0.939157916931217     
  0.527999997138977050781250000000000          0.934869048707433     
  0.528999984264373779296875000000000          0.930432553823513     
  0.529999971389770507812500000000000          0.925849132853428     
  0.531000018119812011718750000000000          0.921119509572481     
  0.532000005245208740234375000000000          0.916244430843018     
  0.532999992370605468750000000000000          0.911224666496481     
  0.533999979496002197265625000000000          0.906061009211853     
  0.535000026226043701171875000000000          0.900754274390479     
  0.536000013351440429687500000000000          0.895305300027302     
  0.537000000476837158203125000000000          0.889714946578544     
  0.537999987602233886718750000000000          0.883984096825818     
  0.538999974727630615234375000000000          0.878113655736734     
  0.540000021457672119140625000000000          0.872104550321994     
  0.541000008583068847656250000000000          0.865957729489001     
  0.541999995708465576171875000000000          0.859674163892020     
  0.542999982833862304687500000000000          0.853254845778902     
  0.544000029563903808593750000000000          0.846700788834392     
  0.545000016689300537109375000000000          0.840013028020058     
  0.546000003814697265625000000000000          0.833192619410860     
  0.546999990940093994140625000000000          0.826240640028381     
  0.547999978065490722656250000000000          0.819158187670757     
  0.549000024795532226562500000000000          0.811946380739316     
  0.550000011920928955078125000000000          0.804606358061976     
  0.550999999046325683593750000000000          0.797139278713404     
  0.551999986171722412109375000000000          0.789546321831993     
  0.552999973297119140625000000000000          0.781828686433652     
  0.554000020027160644531250000000000          0.773987591222478     
  0.555000007152557373046875000000000          0.766024274398302     
  0.555999994277954101562500000000000          0.757939993461162     
  0.556999981403350830078125000000000          0.749736025012737     
  0.558000028133392333984375000000000          0.741413664554745     
  0.559000015258789062500000000000000          0.732974226284381     
  0.560000002384185791015625000000000          0.724419042886780     
  0.560999989509582519531250000000000          0.715749465324575     
  0.561999976634979248046875000000000          0.706966862624564     
  0.563000023365020751953125000000000          0.698072621661525     
  0.564000010490417480468750000000000          0.689068146939210     
  0.564999997615814208984375000000000          0.679954860368563     
  0.565999984741210937500000000000000          0.670734201043177     
  0.566999971866607666015625000000000          0.661407625012049     
  0.568000018596649169921875000000000          0.651976605049651     
  0.569000005722045898437500000000000          0.642442630423362     
  0.569999992847442626953125000000000          0.632807206658299     
  0.570999979972839355468750000000000          0.623071855299571     
  0.572000026702880859375000000000000          0.613238113672013     
  0.573000013828277587890625000000000          0.603307534637424     
  0.574000000953674316406250000000000          0.593281686349353     
  0.574999988079071044921875000000000          0.583162152005468     
  0.575999975204467773437500000000000          0.572950529597551     
  0.577000021934509277343750000000000          0.562648431659157     
  0.578000009059906005859375000000000          0.552257485010977     
  0.578999996185302734375000000000000          0.541779330503942     
  0.579999983310699462890625000000000          0.531215622760116     
  0.580999970436096191406250000000000          0.520568029911408     
  0.582000017166137695312500000000000          0.509838233336161     
  0.583000004291534423828125000000000          0.499027927393638     
  0.583999991416931152343750000000000          0.488138819156465     
  0.584999978542327880859375000000000          0.477172628141062     
  0.586000025272369384765625000000000          0.466131086036115     
  0.587000012397766113281250000000000          0.455015936429120     
  0.587999999523162841796875000000000          0.443828934531051     
  0.588999986648559570312500000000000          0.432571846899191     
  0.589999973773956298828125000000000          0.421246451158173     
  0.591000020503997802734375000000000          0.409854535719274     
  0.592000007629394531250000000000000          0.398397899498001     
  0.592999994754791259765625000000000          0.386878351630021     
  0.593999981880187988281250000000000          0.375297711185484     
  0.595000028610229492187500000000000          0.363657806881761     
  0.596000015735626220703125000000000          0.351960476794676     
  0.597000002861022949218750000000000          0.340207568068250     
  0.597999989986419677734375000000000          0.328400936623015     
  0.598999977111816406250000000000000          0.316542446862943     
  0.600000023841857910156250000000000          0.304633971381034     
  0.601000010967254638671875000000000          0.292677390663616     
  0.601999998092651367187500000000000          0.280674592793388     
  0.602999985218048095703125000000000          0.268627473151274     
  0.603999972343444824218750000000000          0.256537934117122     
  0.605000019073486328125000000000000          0.244407884769290     
  0.606000006198883056640625000000000          0.232239240583187     
  0.606999993324279785156250000000000          0.220033923128794     
  0.607999980449676513671875000000000          0.207793859767224     
  0.609000027179718017578125000000000          0.195520983346374     
  0.610000014305114746093750000000000          0.183217231895703     
  0.611000001430511474609375000000000          0.170884548320194     
  0.611999988555908203125000000000000          0.158524880093548     
  0.612999975681304931640625000000000          0.146140178950657     
  0.614000022411346435546875000000000          0.133732400579399     
  0.615000009536743164062500000000000          0.121303504311814     
  0.615999996662139892578125000000000          0.108855452814704     
  0.616999983787536621093750000000000          9.639021177970179E-002
  0.617999970912933349609375000000000          8.390974961286889E-002
  0.619000017642974853515625000000000          7.141603712385927E-002
  0.620000004768371582031250000000000          5.891104721470694E-002
  0.620999991893768310546875000000000          4.639675456828087E-002
  0.621999979019165039062500000000000          3.387513533645989E-002
  0.623000025749206542968750000000000          2.134816682807667E-002
  0.624000012874603271484375000000000          8.817827196675466E-003
  0.625000000000000000000000000000000         -3.713904871859654E-003
  0.625999987125396728515625000000000         -1.624505047176257E-002
  0.626999974250793457031250000000000         -2.877363078987764E-002
  0.628000020980834960937500000000000         -4.129766741813603E-002
  0.629000008106231689453125000000000         -5.381518266597146E-002
  0.629999995231628417968750000000000         -6.632419987261887E-002
  0.630999982357025146484375000000000         -7.882274371925160E-002
  0.632000029087066650390625000000000         -9.130884054090871E-002
  0.633000016212463378906250000000000         -0.103780518638159     
  0.634000003337860107421875000000000         -0.116235808588454     
  0.634999990463256835937500000000000         -0.128672743557125     
  0.635999977588653564453125000000000         -0.141089359607967     
  0.637000024318695068359375000000000         -0.153483696013367     
  0.638000011444091796875000000000000         -0.165853795563926     
  0.638999998569488525390625000000000         -0.178197704877528     
  0.639999985694885253906250000000000         -0.190513474707797     
  0.640999972820281982421875000000000         -0.202799160251907     
  0.642000019550323486328125000000000         -0.215052821457690     
  0.643000006675720214843750000000000         -0.227272523329994     
  0.643999993801116943359375000000000         -0.239456336236238     
  0.644999980926513671875000000000000         -0.251602336211124     
  0.646000027656555175781250000000000         -0.263708605260455     
  0.647000014781951904296875000000000         -0.275773231664009     
  0.648000001907348632812500000000000         -0.287794310277418     
  0.648999989032745361328125000000000         -0.299769942833017     
  0.649999976158142089843750000000000         -0.311698238239599     
  0.651000022888183593750000000000000         -0.323577312881043     
  0.652000010013580322265625000000000         -0.335405290913755     
  0.652999997138977050781250000000000         -0.347180304562891     
  0.653999984264373779296875000000000         -0.358900494417294     
  0.654999971389770507812500000000000         -0.370564009723123     
  0.656000018119812011718750000000000         -0.382169008676101     
  0.657000005245208740234375000000000         -0.393713658712367     
  0.657999992370605468750000000000000         -0.405196136797848     
  0.658999979496002197265625000000000         -0.416614629716146     
  0.660000026226043701171875000000000         -0.427967334354861     
  0.661000013351440429687500000000000         -0.439252457990328     
  0.662000000476837158203125000000000         -0.450468218570702     
  0.662999987602233886718750000000000         -0.461612844997370     
  0.663999974727630615234375000000000         -0.472684577404627     
  0.665000021457672119140625000000000         -0.483681667437578     
  0.666000008583068847656250000000000         -0.494602378528226     
  0.666999995708465576171875000000000         -0.505444986169691     
  0.667999982833862304687500000000000         -0.516207778188535     
  0.669000029563903808593750000000000         -0.526889055015134     
  0.670000016689300537109375000000000         -0.537487129952054     
  0.671000003814697265625000000000000         -0.548000329440406     
  0.671999990940093994140625000000000         -0.558426993324118     
  0.672999978065490722656250000000000         -0.568765475112092     
  0.674000024795532226562500000000000         -0.579014142238209     
  0.675000011920928955078125000000000         -0.589171376319121     
  0.675999999046325683593750000000000         -0.599235573409820     
  0.676999986171722412109375000000000         -0.609205144256920     
  0.677999973297119140625000000000000         -0.619078514549611     
  0.679000020027160644531250000000000         -0.628854125168269     
  0.680000007152557373046875000000000         -0.638530432430654     
  0.680999994277954101562500000000000         -0.648105908335679     
  0.681999981403350830078125000000000         -0.657579040804696     
  0.683000028133392333984375000000000         -0.666948333920272     
  0.684000015258789062500000000000000         -0.676212308162411     
  0.685000002384185791015625000000000         -0.685369500642190     
  0.685999989509582519531250000000000         -0.694418465332762     
  0.686999976634979248046875000000000         -0.703357773297704     
  0.688000023365020751953125000000000         -0.712186012916660     
  0.689000010490417480468750000000000         -0.720901790108254     
  0.689999997615814208984375000000000         -0.729503728550232     
  0.690999984741210937500000000000000         -0.737990469896796     
  0.691999971866607666015625000000000         -0.746360673993106     
  0.693000018596649169921875000000000         -0.754613019086906     
  0.694000005722045898437500000000000         -0.762746202037240     
  0.694999992847442626953125000000000         -0.770758938520237     
  0.695999979972839355468750000000000         -0.778649963231922     
  0.697000026702880859375000000000000         -0.786418030088015     
  0.698000013828277587890625000000000         -0.794061912420711     
  0.699000000953674316406250000000000         -0.801580403172377     
  0.699999988079071044921875000000000         -0.808972315086168     
  0.700999975204467773437500000000000         -0.816236480893502     
  0.702000021934509277343750000000000         -0.823371753498390     
  0.703000009059906005859375000000000         -0.830377006158572     
  0.703999996185302734375000000000000         -0.837251132663446     
  0.704999983310699462890625000000000         -0.843993047508749     
  0.705999970436096191406250000000000         -0.850601686067973     
  0.707000017166137695312500000000000         -0.857076004760479     
  0.708000004291534423828125000000000         -0.863414981216293     
  0.708999991416931152343750000000000         -0.869617614437549     
  0.709999978542327880859375000000000         -0.875682924956559     
  0.711000025272369384765625000000000         -0.881609954990479     
  0.712000012397766113281250000000000         -0.887397768592559     
  0.712999999523162841796875000000000         -0.893045451799938     
  0.713999986648559570312500000000000         -0.898552112777966     
  0.714999973773956298828125000000000         -0.903916881961039     
  0.716000020503997802734375000000000         -0.909138912189915     
  0.717000007629394531250000000000000         -0.914217378845482     
  0.717999994754791259765625000000000         -0.919151479978986     
  0.718999981880187988281250000000000         -0.923940436438659     
  0.720000028610229492187500000000000         -0.928583491992761     
  0.721000015735626220703125000000000         -0.933079913448997     
  0.722000002861022949218750000000000         -0.937428990770293     
  0.722999989986419677734375000000000         -0.941630037186925     
  0.723999977111816406250000000000000         -0.945682389304963     
  0.725000023841857910156250000000000         -0.949585407211032     
  0.726000010967254638671875000000000         -0.953338474573360     
  0.726999998092651367187500000000000         -0.956940998739101     
  0.727999985218048095703125000000000         -0.960392410827931     
  0.728999972343444824218750000000000         -0.963692165821868     
  0.730000019073486328125000000000000         -0.966839742651348     
  0.731000006198883056640625000000000         -0.969834644277501     
  0.731999993324279785156250000000000         -0.972676397770644     
  0.732999980449676513671875000000000         -0.975364554384955     
  0.734000027179718017578125000000000         -0.977898689629345     
  0.735000014305114746093750000000000         -0.980278403334481     
  0.736000001430511474609375000000000         -0.982503319715982     
  0.736999988555908203125000000000000         -0.984573087433761     
  0.737999975681304931640625000000000         -0.986487379647501     
  0.739000022411346435546875000000000         -0.988245894068270     
  0.740000009536743164062500000000000         -0.989848353006256     
  0.740999996662139892578125000000000         -0.991294503414616     
  0.741999983787536621093750000000000         -0.992584116929435     
  0.742999970912933349609375000000000         -0.993716989905792     
  0.744000017642974853515625000000000         -0.994692943449910     
  0.745000004768371582031250000000000         -0.995511823447411     
  0.745999991893768310546875000000000         -0.996173500587651     
  0.746999979019165039062500000000000         -0.996677870384137     
  0.748000025749206542968750000000000         -0.997024853191035     
  0.749000012874603271484375000000000         -0.997214394215733     
  0.750000000000000000000000000000000         -0.997246463527510     
  0.750999987125396728515625000000000         -0.997121056062248     
  0.751999974250793457031250000000000         -0.996838191623240     
  0.753000020980834960937500000000000         -0.996397914878059     
  0.754000008106231689453125000000000         -0.995800295351508     
  0.754999995231628417968750000000000         -0.995045427414638     
  0.755999982357025146484375000000000         -0.994133430269847     
  0.757000029087066650390625000000000         -0.993064447932055     
  0.758000016212463378906250000000000         -0.991838649205967     
  0.759000003337860107421875000000000         -0.990456227659411     
  0.759999990463256835937500000000000         -0.988917401592775     
  0.760999977588653564453125000000000         -0.987222414004533     
  0.762000024318695068359375000000000         -0.985371532552874     
  0.763000011444091796875000000000000         -0.983365049513436     
  0.763999998569488525390625000000000         -0.981203281733150     
  0.764999985694885253906250000000000         -0.978886570580210     
  0.765999972820281982421875000000000         -0.976415281890162     
  0.767000019550323486328125000000000         -0.973789805908138     
  0.768000006675720214843750000000000         -0.971010557227232     
  0.768999993801116943359375000000000         -0.968077974723029     
  0.769999980926513671875000000000000         -0.964992521484300     
  0.771000027656555175781250000000000         -0.961754684739881     
  0.772000014781951904296875000000000         -0.958364975781728     
  0.773000001907348632812500000000000         -0.954823929884179     
  0.773999989032745361328125000000000         -0.951132106219432     
  0.774999976158142089843750000000000         -0.947290087769239     
  0.776000022888183593750000000000000         -0.943298481232853     
  0.777000010013580322265625000000000         -0.939157916931217     
  0.777999997138977050781250000000000         -0.934869048707433     
  0.778999984264373779296875000000000         -0.930432553823513     
  0.779999971389770507812500000000000         -0.925849132853428     
  0.781000018119812011718750000000000         -0.921119509572482     
  0.782000005245208740234375000000000         -0.916244430843017     
  0.782999992370605468750000000000000         -0.911224666496481     
  0.783999979496002197265625000000000         -0.906061009211853     
  0.785000026226043701171875000000000         -0.900754274390479     
  0.786000013351440429687500000000000         -0.895305300027303     
  0.787000000476837158203125000000000         -0.889714946578544     
  0.787999987602233886718750000000000         -0.883984096825818     
  0.788999974727630615234375000000000         -0.878113655736734     
  0.790000021457672119140625000000000         -0.872104550321994     
  0.791000008583068847656250000000000         -0.865957729489000     
  0.791999995708465576171875000000000         -0.859674163892020     
  0.792999982833862304687500000000000         -0.853254845778902     
  0.794000029563903808593750000000000         -0.846700788834392     
  0.795000016689300537109375000000000         -0.840013028020058     
  0.796000003814697265625000000000000         -0.833192619410860     
  0.796999990940093994140625000000000         -0.826240640028381     
  0.797999978065490722656250000000000         -0.819158187670756     
  0.799000024795532226562500000000000         -0.811946380739316     
  0.800000011920928955078125000000000         -0.804606358061976     
  0.800999999046325683593750000000000         -0.797139278713404     
  0.801999986171722412109375000000000         -0.789546321831993     
  0.802999973297119140625000000000000         -0.781828686433652     
  0.804000020027160644531250000000000         -0.773987591222479     
  0.805000007152557373046875000000000         -0.766024274398302     
  0.805999994277954101562500000000000         -0.757939993461163     
  0.806999981403350830078125000000000         -0.749736025012737     
  0.808000028133392333984375000000000         -0.741413664554745     
  0.809000015258789062500000000000000         -0.732974226284381     
  0.810000002384185791015625000000000         -0.724419042886780     
  0.810999989509582519531250000000000         -0.715749465324575     
  0.811999976634979248046875000000000         -0.706966862624564     
  0.813000023365020751953125000000000         -0.698072621661525     
  0.814000010490417480468750000000000         -0.689068146939210     
  0.814999997615814208984375000000000         -0.679954860368563     
  0.815999984741210937500000000000000         -0.670734201043177     
  0.816999971866607666015625000000000         -0.661407625012049     
  0.818000018596649169921875000000000         -0.651976605049651     
  0.819000005722045898437500000000000         -0.642442630423362     
  0.819999992847442626953125000000000         -0.632807206658299     
  0.820999979972839355468750000000000         -0.623071855299571     
  0.822000026702880859375000000000000         -0.613238113672012     
  0.823000013828277587890625000000000         -0.603307534637423     
  0.824000000953674316406250000000000         -0.593281686349353     
  0.824999988079071044921875000000000         -0.583162152005468     
  0.825999975204467773437500000000000         -0.572950529597551     
  0.827000021934509277343750000000000         -0.562648431659157     
  0.828000009059906005859375000000000         -0.552257485010978     
  0.828999996185302734375000000000000         -0.541779330503942     
  0.829999983310699462890625000000000         -0.531215622760116     
  0.830999970436096191406250000000000         -0.520568029911408     
  0.832000017166137695312500000000000         -0.509838233336161     
  0.833000004291534423828125000000000         -0.499027927393638     
  0.833999991416931152343750000000000         -0.488138819156465     
  0.834999978542327880859375000000000         -0.477172628141062     
  0.836000025272369384765625000000000         -0.466131086036115     
  0.837000012397766113281250000000000         -0.455015936429120     
  0.837999999523162841796875000000000         -0.443828934531050     
  0.838999986648559570312500000000000         -0.432571846899191     
  0.839999973773956298828125000000000         -0.421246451158173     
  0.841000020503997802734375000000000         -0.409854535719274     
  0.842000007629394531250000000000000         -0.398397899498001     
  0.842999994754791259765625000000000         -0.386878351630021     
  0.843999981880187988281250000000000         -0.375297711185484     
  0.845000028610229492187500000000000         -0.363657806881761     
  0.846000015735626220703125000000000         -0.351960476794676     
  0.847000002861022949218750000000000         -0.340207568068250     
  0.847999989986419677734375000000000         -0.328400936623015     
  0.848999977111816406250000000000000         -0.316542446862943     
  0.850000023841857910156250000000000         -0.304633971381034     
  0.851000010967254638671875000000000         -0.292677390663616     
  0.851999998092651367187500000000000         -0.280674592793388     
  0.852999985218048095703125000000000         -0.268627473151274     
  0.853999972343444824218750000000000         -0.256537934117122     
  0.855000019073486328125000000000000         -0.244407884769290     
  0.856000006198883056640625000000000         -0.232239240583188     
  0.856999993324279785156250000000000         -0.220033923128794     
  0.857999980449676513671875000000000         -0.207793859767224     
  0.859000027179718017578125000000000         -0.195520983346374     
  0.860000014305114746093750000000000         -0.183217231895703     
  0.861000001430511474609375000000000         -0.170884548320194     
  0.861999988555908203125000000000000         -0.158524880093548     
  0.862999975681304931640625000000000         -0.146140178950657     
  0.864000022411346435546875000000000         -0.133732400579399     
  0.865000009536743164062500000000000         -0.121303504311814     
  0.865999996662139892578125000000000         -0.108855452814704     
  0.866999983787536621093750000000000         -9.639021177970176E-002
  0.867999970912933349609375000000000         -8.390974961286883E-002
  0.869000017642974853515625000000000         -7.141603712385938E-002
  0.870000004768371582031250000000000         -5.891104721470680E-002
  0.870999991893768310546875000000000         -4.639675456828075E-002
  0.871999979019165039062500000000000         -3.387513533646006E-002
  0.873000025749206542968750000000000         -2.134816682807662E-002
  0.874000012874603271484375000000000         -8.817827196675296E-003
  0.875000000000000000000000000000000          3.713904871859711E-003
  0.875999987125396728515625000000000          1.624505047176268E-002
  0.876999974250793457031250000000000          2.877363078987753E-002
  0.878000020980834960937500000000000          4.129766741813620E-002
  0.879000008106231689453125000000000          5.381518266597152E-002
  0.879999995231628417968750000000000          6.632419987261869E-002
  0.880999982357025146484375000000000          7.882274371925166E-002
  0.882000029087066650390625000000000          9.130884054090882E-002
  0.883000016212463378906250000000000          0.103780518638159     
  0.884000003337860107421875000000000          0.116235808588454     
  0.884999990463256835937500000000000          0.128672743557125     
  0.885999977588653564453125000000000          0.141089359607967     
  0.887000024318695068359375000000000          0.153483696013367     
  0.888000011444091796875000000000000          0.165853795563926     
  0.888999998569488525390625000000000          0.178197704877528     
  0.889999985694885253906250000000000          0.190513474707797     
  0.890999972820281982421875000000000          0.202799160251907     
  0.892000019550323486328125000000000          0.215052821457690     
  0.893000006675720214843750000000000          0.227272523329994     
  0.893999993801116943359375000000000          0.239456336236238     
  0.894999980926513671875000000000000          0.251602336211124     
  0.896000027656555175781250000000000          0.263708605260455     
  0.897000014781951904296875000000000          0.275773231664009     
  0.898000001907348632812500000000000          0.287794310277418     
  0.898999989032745361328125000000000          0.299769942833017     
  0.899999976158142089843750000000000          0.311698238239599     
  0.901000022888183593750000000000000          0.323577312881043     
  0.902000010013580322265625000000000          0.335405290913755     
  0.902999997138977050781250000000000          0.347180304562891     
  0.903999984264373779296875000000000          0.358900494417294     
  0.904999971389770507812500000000000          0.370564009723123     
  0.906000018119812011718750000000000          0.382169008676102     
  0.907000005245208740234375000000000          0.393713658712367     
  0.907999992370605468750000000000000          0.405196136797848     
  0.908999979496002197265625000000000          0.416614629716145     
  0.910000026226043701171875000000000          0.427967334354862     
  0.911000013351440429687500000000000          0.439252457990328     
  0.912000000476837158203125000000000          0.450468218570701     
  0.912999987602233886718750000000000          0.461612844997370     
  0.913999974727630615234375000000000          0.472684577404627     
  0.915000021457672119140625000000000          0.483681667437578     
  0.916000008583068847656250000000000          0.494602378528226     
  0.916999995708465576171875000000000          0.505444986169691     
  0.917999982833862304687500000000000          0.516207778188536     
  0.919000029563903808593750000000000          0.526889055015134     
  0.920000016689300537109375000000000          0.537487129952054     
  0.921000003814697265625000000000000          0.548000329440406     
  0.921999990940093994140625000000000          0.558426993324118     
  0.922999978065490722656250000000000          0.568765475112093     
  0.924000024795532226562500000000000          0.579014142238209     
  0.925000011920928955078125000000000          0.589171376319121     
  0.925999999046325683593750000000000          0.599235573409821     
  0.926999986171722412109375000000000          0.609205144256920     
  0.927999973297119140625000000000000          0.619078514549611     
  0.929000020027160644531250000000000          0.628854125168269     
  0.930000007152557373046875000000000          0.638530432430654     
  0.930999994277954101562500000000000          0.648105908335679     
  0.931999981403350830078125000000000          0.657579040804696     
  0.933000028133392333984375000000000          0.666948333920272     
  0.934000015258789062500000000000000          0.676212308162411     
  0.935000002384185791015625000000000          0.685369500642190     
  0.935999989509582519531250000000000          0.694418465332762     
  0.936999976634979248046875000000000          0.703357773297704     
  0.938000023365020751953125000000000          0.712186012916660     
  0.939000010490417480468750000000000          0.720901790108254     
  0.939999997615814208984375000000000          0.729503728550232     
  0.940999984741210937500000000000000          0.737990469896796     
  0.941999971866607666015625000000000          0.746360673993106     
  0.943000018596649169921875000000000          0.754613019086906     
  0.944000005722045898437500000000000          0.762746202037240     
  0.944999992847442626953125000000000          0.770758938520238     
  0.945999979972839355468750000000000          0.778649963231922     
  0.947000026702880859375000000000000          0.786418030088015     
  0.948000013828277587890625000000000          0.794061912420711     
  0.949000000953674316406250000000000          0.801580403172377     
  0.949999988079071044921875000000000          0.808972315086169     
  0.950999975204467773437500000000000          0.816236480893502     
  0.952000021934509277343750000000000          0.823371753498390     
  0.953000009059906005859375000000000          0.830377006158572     
  0.953999996185302734375000000000000          0.837251132663446     
  0.954999983310699462890625000000000          0.843993047508749     
  0.955999970436096191406250000000000          0.850601686067973     
  0.957000017166137695312500000000000          0.857076004760479     
  0.958000004291534423828125000000000          0.863414981216294     
  0.958999991416931152343750000000000          0.869617614437550     
  0.959999978542327880859375000000000          0.875682924956559     
  0.961000025272369384765625000000000          0.881609954990479     
  0.962000012397766113281250000000000          0.887397768592560     
  0.962999999523162841796875000000000          0.893045451799938     
  0.963999986648559570312500000000000          0.898552112777966     
  0.964999973773956298828125000000000          0.903916881961039     
  0.966000020503997802734375000000000          0.909138912189915     
  0.967000007629394531250000000000000          0.914217378845482     
  0.967999994754791259765625000000000          0.919151479978986     
  0.968999981880187988281250000000000          0.923940436438659     
  0.970000028610229492187500000000000          0.928583491992762     
  0.971000015735626220703125000000000          0.933079913448997     
  0.972000002861022949218750000000000          0.937428990770293     
  0.972999989986419677734375000000000          0.941630037186925     
  0.973999977111816406250000000000000          0.945682389304963     
  0.975000023841857910156250000000000          0.949585407211032     
  0.976000010967254638671875000000000          0.953338474573360     
  0.976999998092651367187500000000000          0.956940998739102     
  0.977999985218048095703125000000000          0.960392410827931     
  0.978999972343444824218750000000000          0.963692165821868     
  0.980000019073486328125000000000000          0.966839742651348     
  0.981000006198883056640625000000000          0.969834644277501     
  0.981999993324279785156250000000000          0.972676397770644     
  0.982999980449676513671875000000000          0.975364554384955     
  0.984000027179718017578125000000000          0.977898689629345     
  0.985000014305114746093750000000000          0.980278403334481     
  0.986000001430511474609375000000000          0.982503319715983     
  0.986999988555908203125000000000000          0.984573087433761     
  0.987999975681304931640625000000000          0.986487379647501     
  0.989000022411346435546875000000000          0.988245894068270     
  0.990000009536743164062500000000000          0.989848353006256     
  0.990999996662139892578125000000000          0.991294503414615     
  0.991999983787536621093750000000000          0.992584116929435     
  0.992999970912933349609375000000000          0.993716989905792     
  0.994000017642974853515625000000000          0.994692943449910     
  0.995000004768371582031250000000000          0.995511823447411     
  0.995999991893768310546875000000000          0.996173500587651     
  0.996999979019165039062500000000000          0.996677870384138     
  0.998000025749206542968750000000000          0.997024853191034     
  0.999000012874603271484375000000000          0.997214394215734     
   1.00000000000000000000000000000000          0.997246463527510     
