           1     1.10626975359628     
           2    0.970479709869824     
           3     498.626689545276     
           4     2.41185455753230     
           5     1.48487421449587     
           6    0.726175610857425     
           7     2.01460359123914     
           8     1.42425650110446     
           9     1.94449551465770     
          10     1.46323597461873     
          11     2.69137669600076     
          12     1.37069629511379     
          13    0.295031654789328     
          14     2.18970463496917     
          15     2.42969200667728     
          16     1.23396552875238     
          17     3.56603525584858     
          18     1.90426814211380     
          19    0.707944522156155     
          20     1.24095082508362     
          21    0.945985508584923     
          22    0.554818088326707     
          23     2.20357747102939     
          24     1.36351796946817     
          25     2.34623903289875     
          26     1.69920970954314     
          27    0.740797350925960     
          28     1.10695690348105     
          29     2.60506188642948     
          30     1.34356283451331     
          31    0.581086762979113     
          32     1.05564634796935     
          33    0.223022255712284     
          34    0.846640790722401     
          35    0.732269450481921     
          36     1.16670287274860     
          37     3.63017377435706     
          38     2.46321211712426     
          39     2.11187638932952     
          40     1.69601777803841     
          41     2.36363037945691     
          42    0.676307707380540     
          43     2.89371830619740     
          44     2.55947964078493     
          45     1.56202093071240     
          46     2.11144216772849     
          47    0.176468989325502     
          48     1.03466164056793     
          49     2.45160054751665     
          50     2.65657581253011     
          51     1.44914259604799     
          52     2.04426030438290     
          53     2.10469117723955     
          54    0.843268708000334     
          55     3.12876167813162     
          56     2.43360386655727     
          57     1.87051094346052     
          58     2.45287345822326     
          59     2.20471004670406     
          60     2.35734201512998     
          61     1.73852976887419     
          62     2.67260920769900     
          63     1.80045201072051     
          64     1.27177562976137     
          65     1.34394475185760     
          66     1.01822180234503     
          67    0.865706454285780     
          68     2.62577499155041     
          69     1.56192635491981     
          70     3.01397259772693     
          71     1.52054292462230     
          72     1.73956811426681     
          73     1.77169591141277     
          74     1.59579886999988     
          75     4.75250753118721     
          76     1.67571267585132     
          77     1.67659241685983     
          78     2.60156678484499     
          79    0.539126088843786     
          80     2.75185385389294     
          81     1.64920631738944     
          82     1.21914900179528     
          83    0.636865259807254     
          84     1.32314761514876     
          85    0.763402434409408     
          86     1.51331298852143     
          87     1.20968023967871     
          88     1.58593922359797     
          89     1.00984511981535     
          90    0.907435738720844     
          91     1.77065100791970     
          92     3.18419043900015     
          93     3.71970797939200     
          94    0.639453656015409     
          95    0.937987630572245     
          96     2.40795047636334     
          97     1.78009100164090     
          98     1.87383376954819     
          99     1.74319397960851     
         100     1.38647723190127     
         101    0.560585304134813     
         102     1.52616086678123     
         103     1.43784292323784     
         104    0.706448227900809     
         105     2.00080843538318     
         106     1.36006881505293     
         107    0.678393328321204     
         108     1.27798432084351     
         109     1.66480298991157     
         110     1.15438482120736     
         111     1.66570197642501     
         112    0.736876809601223     
         113     2.79640583303626     
         114    5.843060908314440E-002
         115    0.385527226463283     
         116     3.24792674804979     
         117     2.76832807134042     
         118     1.19227148232810     
         119     2.11283035567061     
         120     1.57723301789799     
         121     2.77074134882828     
         122     1.36601849805773     
         123     3.13867351182018     
         124    0.151171570115981     
         125     1.86278229678586     
         126    0.883246896484149     
         127     1.23027121887913     
         128     2.92366605394010     
         129     1.60961657533831     
         130     2.08769239919006     
         131     1.19368836684778     
         132     2.14608283258155     
         133     2.86036522134494     
         134     1.31471424994849     
         135     1.45527402212311     
         136     2.03529146267139     
         137     1.78014334793808     
         138     2.15185756845186     
         139    0.416361030589494     
         140     1.32748342081854     
         141    0.202861391198501     
         142     3.47044756105914     
         143     2.10018287080442     
         144     1.46774537280438     
         145     1.68946558089831     
         146     2.07923179518687     
         147     1.06995923256606     
         148    0.382413188904388     
         149     1.82472555737000     
         150     1.24998586442484     
         151     1.28289382793261     
         152    0.339960037381556     
         153     1.07203167047658     
         154     2.48609525846373     
         155     2.87291490905890     
         156     1.50406717934755     
         157     2.42366827172965     
         158     1.00391067643467     
         159    0.677999190430774     
         160     2.70790076755599     
         161     1.67939622833293     
         162     1.68377674266303     
         163    0.554941204712414     
         164     2.05062718161512     
         165     1.11924641883033     
         166    0.600081538796295     
         167     3.83456719162116     
         168     1.53144690409145     
         169    0.384308049287732     
         170     1.37980105845129     
         171    0.169453873734151     
         172     1.12510095185877     
         173     2.61013014477069     
         174     1.71068666177614     
         175    0.438865622042435     
         176     2.59833947827594     
         177     1.76573448485852     
         178     2.48671396423268     
         179    0.268927174200407     
         180    0.544791846488945     
         181     3.22327372745812     
         182     1.10358997057262     
         183     1.35544718097381     
         184     1.22280117840487     
         185    0.589380184552563     
         186     1.01280838565470     
         187     1.63671969018214     
         188     1.40584299882508     
         189     2.57247537574957     
         190     2.43857250121467     
         191    0.594340180616225     
         192     1.55184001903103     
         193     1.02072746491430     
         194     1.20816173059384     
         195     2.37918023552020     
         196     1.19111500095909     
         197     2.88778815340130     
         198    0.322454127851695     
         199     2.15272083701397     
         200    0.530945735347528     
         201     1.86649013277179     
         202    0.924715362811662     
         203     2.77226286515684     
         204     2.47903011621432     
         205     1.57928838865831     
         206     1.88654539094447     
         207     1.08883952857186     
         208     1.54340548048554     
         209     3.20371692825557     
         210     1.14142316584364     
         211     2.65669146609700     
         212     2.43053351138253     
         213     1.11559997566518     
         214     1.05262292422820     
         215     2.66590231765882     
         216     1.28457871220297     
         217    0.412994101313713     
         218     1.43731539415335     
         219     1.02120775304570     
         220     3.00773999137237     
         221     2.53205067110326     
         222     3.02790614711604     
         223    0.935253261735691     
         224     1.23645834050875     
         225     2.09389444390086     
         226    0.845842728724744     
         227    0.788005322147320     
         228     2.87430007092019     
         229     1.09049152596845     
         230     1.40694658382915     
         231     1.79674078282878     
         232    0.946521465617411     
         233     1.15567054760943     
         234     2.20189354420874     
         235    0.979799093926907     
         236     2.57674758008339     
         237     1.24058848972307     
         238    0.626867089534340     
         239     1.81369079552087     
         240    0.450899745652371     
         241     3.10519649489824     
         242     2.71935395651264     
         243     1.94924383832200     
         244     3.12482630011304     
         245    0.971224846087734     
         246    0.588190231473056     
         247     1.71978143847999     
         248     1.12083888994758     
         249     1.37462565893000     
         250     2.50185595117915     
         251     4.05128112490755     
         252     1.19217532128341     
         253     1.07004109698390     
         254    0.477648474560632     
         255     1.81096396635787     
         256    0.249710752285920     
         257     1.56805938620566     
         258     1.15587101898004     
         259     1.00666983693968     
         260     2.26543111637079     
         261     2.61202415371114     
         262     2.60888279548439     
         263     2.02451237431262     
         264     1.30186992151259     
         265     2.93280319761480     
         266     2.25157213645489     
         267     1.98290645296247     
         268     1.48023181329711     
         269     2.18185239872514     
         270     1.72074944529503     
         271     1.06670201940220     
         272     2.85024505006503     
         273     1.27025222021050     
         274     1.78663598250365     
         275    0.547677192391405     
         276    0.909983125597632     
         277     1.37099743368267     
         278     1.17880995955746     
         279     2.45933796927714     
         280    0.658447170828093     
         281     2.67190772562748     
         282    0.905876601072119     
         283    0.778437176882279     
         284     1.98571242143035     
         285     2.34806160082850     
         286    0.807144720711586     
         287     1.45341666379210     
         288     2.18187208120000     
         289     1.91099985737352     
         290    0.667435758569837     
         291    0.900935362625658     
         292     2.30307296235227     
         293    0.409475617866675     
         294     1.35297831926831     
         295    0.462417992753114     
         296     1.01879097014218     
         297     1.04599309283371     
         298     1.04239037185886     
         299     1.06287473375029     
         300    0.638018235027141     
         301     3.42297806131415     
         302    0.948386284308104     
         303     3.20413126393985     
         304     1.74935691738334     
         305     2.70334047170160     
         306     1.76090460117398     
         307    0.869869446533999     
         308     1.89474683341718     
         309    0.987324061138742     
         310     3.37452652327181     
         311     2.28577251568660     
         312     2.15500646427932     
         313     1.74060550993680     
         314     2.26493588826296     
         315    0.897847909062882     
         316     1.24142881262181     
         317     2.08881420581152     
         318     1.40383755562600     
         319    0.798009997605409     
         320     1.08315046054475     
         321     2.51012611975690     
         322     1.82924318291018     
         323     1.68626989191963     
         324     1.94510923178119     
         325    0.938430920278422     
         326    0.993494623985349     
         327     3.51010705775866     
         328    0.475853412646471     
         329     1.64201821047647     
         330     2.10601620731912     
         331    0.406769380370602     
         332     1.80020964879808     
         333    0.252990350734894     
         334     1.11278093991459     
         335     2.53139483203551     
         336     2.13488507034884     
         337     1.69176943966164     
         338     1.82418500158155     
         339    0.846005973175386     
         340     1.99417367945268     
         341     3.21189633644705     
         342     2.52694853126943     
         343     2.15544831628796     
         344    0.271551550769621     
         345     2.79042052128525     
         346    0.848176985294595     
         347     1.15002853373298     
         348    0.559905647817749     
         349    0.827244741051013     
         350     2.57786820599969     
         351     2.69394466170174     
         352     2.25934613332338     
         353    0.903984024732453     
         354    0.731886110675740     
         355     1.32460230318011     
         356     1.39957878049648     
         357     1.32263326639929     
         358     1.98110960689178     
         359     1.74902928122642     
         360     3.03642759767572     
         361     2.09228037777107     
         362     1.76632409639184     
         363    0.934475371391438     
         364     3.19676310416757     
         365     1.66826698897165     
         366     1.67551228897344     
         367     1.24547222219993     
         368     1.88372989552770     
         369     1.11578956373322     
         370     2.51478431266672     
         371     2.18633602282038     
         372    0.675935572397433     
         373     1.25594934124736     
         374    0.603046335833585     
         375    0.873450721131142     
         376     1.36573579620805     
         377    0.692103471219409     
         378    0.287980435632748     
         379     1.44221403654314     
         380     1.08675378212150     
         381     1.59280699789070     
         382     1.87025472007042     
         383     2.39756004849880     
         384    0.790682601211831     
         385     1.52531452242975     
         386     2.18993276494721     
         387    0.878137654660473     
         388     1.52194917064404     
         389     2.36123374271713     
         390    0.976352707062113     
         391     3.17496839899307     
         392     1.08767250855645     
         393     1.14347587683969     
         394     1.76505246274768     
         395    0.461584985853684     
         396     1.74481774613223     
         397     1.10058627398703     
         398     2.06372322421145     
         399    0.622468455497740     
         400    0.538824008435863     
         401     1.63727891555374     
         402    0.486816254493334     
         403     1.65583250806152     
         404     1.21419393170497     
         405     1.16488304082651     
         406     1.56811511772972     
         407     1.70887161684669     
         408     3.14222814335526     
         409     1.08367680716699     
         410    0.590749577458167     
         411     2.10704091334251     
         412     3.08734418053200     
         413    0.908217643138263     
         414     2.20864378033298     
         415     1.66133820939622     
         416     1.55281874651888     
         417     2.54453977340432     
         418     2.46167681002774     
         419     1.10101205925794     
         420     2.85074088711453     
         421     4.41693238687123     
         422     1.42834930883902     
         423     1.24082341473100     
         424     2.19357472780541     
         425     3.13294544955381     
         426     1.67359556634123     
         427     1.18915890646766     
         428     1.50259455148010     
         429    0.740285995922949     
         430     1.44905262060433     
         431     2.65866356203413     
         432     2.73227875550006     
         433    0.431703249972208     
         434     1.38389927726676     
         435     1.34939959592814     
         436     1.13864247160725     
         437     1.50155004548222     
         438     1.45459525918823     
         439     2.08955758250475     
         440    0.536639435585437     
         441     1.02740477852787     
         442     1.73051065868630     
         443     1.13313898075089     
         444    0.608934941651488     
         445     2.45927186383470     
         446    0.735618852636681     
         447     2.10703525181930     
         448     2.58404653256262     
         449     1.79863079003418     
         450    0.589844548678580     
         451     1.37127750407737     
         452     1.29539202390521     
         453     2.00622380192239     
         454    0.930477890993058     
         455    0.973976716037957     
         456     1.54985482351786     
         457     2.36582426038699     
         458     1.90076971348040     
         459     3.14968816253266     
         460     1.96444464579033     
         461    0.931400510461442     
         462     1.10649831765985     
         463     1.95566957005607     
         464    0.726597531976140     
         465    0.769388386891276     
         466     1.09966022336552     
         467     1.22878914296183     
         468     1.37628884228651     
         469     1.57764064806417     
         470     2.14609861648277     
         471     2.08629520856573     
         472     1.51997538275482     
         473    0.950213175154908     
         474     1.37611525863776     
         475     1.25247701696914     
         476     1.06226696188818     
         477     3.26051652782467     
         478     1.29550614139093     
         479     1.96412154893931     
         480     2.32688713386199     
         481    0.772692965381573     
         482     1.00938737326287     
         483     1.97200761757271     
         484    0.904076285031935     
         485     2.69875098565870     
         486     1.65270756001710     
         487     1.77101866002649     
         488     1.84737641105756     
         489     1.89761758862582     
         490    0.815447086382613     
         491     1.37414664073743     
         492     2.38330770442296     
         493     2.74176099912481     
         494     1.85443294139919     
         495    0.821468064137987     
         496     3.35534262972612     
         497     2.66067861825460     
         498    0.973379659934588     
         499     2.22370916846432     
         500     2.62181744211371     
         501     1.05487998953322     
         502     2.62181744211371     
         503     2.22370916846431     
         504    0.973379659934589     
         505     2.66067861825460     
         506     3.35534262972612     
         507    0.821468064137984     
         508     1.85443294139918     
         509     2.74176099912481     
         510     2.38330770442296     
         511     1.37414664073743     
         512    0.815447086382614     
         513     1.89761758862582     
         514     1.84737641105756     
         515     1.77101866002649     
         516     1.65270756001710     
         517     2.69875098565870     
         518    0.904076285031935     
         519     1.97200761757272     
         520     1.00938737326287     
         521    0.772692965381573     
         522     2.32688713386199     
         523     1.96412154893931     
         524     1.29550614139093     
         525     3.26051652782467     
         526     1.06226696188818     
         527     1.25247701696915     
         528     1.37611525863776     
         529    0.950213175154908     
         530     1.51997538275482     
         531     2.08629520856574     
         532     2.14609861648277     
         533     1.57764064806417     
         534     1.37628884228651     
         535     1.22878914296184     
         536     1.09966022336552     
         537    0.769388386891276     
         538    0.726597531976141     
         539     1.95566957005607     
         540     1.10649831765985     
         541    0.931400510461442     
         542     1.96444464579032     
         543     3.14968816253266     
         544     1.90076971348040     
         545     2.36582426038699     
         546     1.54985482351786     
         547    0.973976716037967     
         548    0.930477890993057     
         549     2.00622380192239     
         550     1.29539202390521     
         551     1.37127750407738     
         552    0.589844548678580     
         553     1.79863079003418     
         554     2.58404653256262     
         555     2.10703525181930     
         556    0.735618852636681     
         557     2.45927186383470     
         558    0.608934941651488     
         559     1.13313898075089     
         560     1.73051065868630     
         561     1.02740477852787     
         562    0.536639435585437     
         563     2.08955758250475     
         564     1.45459525918823     
         565     1.50155004548222     
         566     1.13864247160725     
         567     1.34939959592813     
         568     1.38389927726676     
         569    0.431703249972208     
         570     2.73227875550006     
         571     2.65866356203413     
         572     1.44905262060433     
         573    0.740285995922949     
         574     1.50259455148010     
         575     1.18915890646767     
         576     1.67359556634123     
         577     3.13294544955380     
         578     2.19357472780541     
         579     1.24082341473100     
         580     1.42834930883902     
         581     4.41693238687123     
         582     2.85074088711453     
         583     1.10101205925794     
         584     2.46167681002774     
         585     2.54453977340432     
         586     1.55281874651888     
         587     1.66133820939622     
         588     2.20864378033298     
         589    0.908217643138263     
         590     3.08734418053200     
         591     2.10704091334251     
         592    0.590749577458168     
         593     1.08367680716699     
         594     3.14222814335526     
         595     1.70887161684669     
         596     1.56811511772972     
         597     1.16488304082651     
         598     1.21419393170497     
         599     1.65583250806148     
         600    0.486816254493334     
         601     1.63727891555374     
         602    0.538824008435863     
         603    0.622468455497695     
         604     2.06372322421145     
         605     1.10058627398703     
         606     1.74481774613223     
         607    0.461584985853683     
         608     1.76505246274768     
         609     1.14347587683969     
         610     1.08767250855645     
         611     3.17496839899307     
         612    0.976352707062113     
         613     2.36123374271713     
         614     1.52194917064403     
         615    0.878137654660462     
         616     2.18993276494721     
         617     1.52531452242975     
         618    0.790682601211831     
         619     2.39756004849879     
         620     1.87025472007042     
         621     1.59280699789070     
         622     1.08675378212150     
         623     1.44221403654314     
         624    0.287980435632749     
         625    0.692103471219409     
         626     1.36573579620805     
         627    0.873450721131140     
         628    0.603046335833584     
         629     1.25594934124736     
         630    0.675935572397433     
         631     2.18633602282038     
         632     2.51478431266672     
         633     1.11578956373322     
         634     1.88372989552770     
         635     1.24547222219993     
         636     1.67551228897344     
         637     1.66826698897166     
         638     3.19676310416757     
         639    0.934475371391426     
         640     1.76632409639184     
         641     2.09228037777107     
         642     3.03642759767572     
         643     1.74902928122640     
         644     1.98110960689178     
         645     1.32263326639929     
         646     1.39957878049648     
         647     1.32460230318011     
         648    0.731886110675740     
         649    0.903984024732453     
         650     2.25934613332338     
         651     2.69394466170174     
         652     2.57786820599969     
         653    0.827244741051012     
         654    0.559905647817750     
         655     1.15002853373299     
         656    0.848176985294595     
         657     2.79042052128525     
         658    0.271551550769621     
         659     2.15544831628795     
         660     2.52694853126943     
         661     3.21189633644705     
         662     1.99417367945268     
         663    0.846005973175386     
         664     1.82418500158155     
         665     1.69176943966164     
         666     2.13488507034884     
         667     2.53139483203551     
         668     1.11278093991459     
         669    0.252990350734894     
         670     1.80020964879808     
         671    0.406769380370602     
         672     2.10601620731912     
         673     1.64201821047647     
         674    0.475853412646471     
         675     3.51010705775866     
         676    0.993494623985350     
         677    0.938430920278421     
         678     1.94510923178119     
         679     1.68626989191961     
         680     1.82924318291018     
         681     2.51012611975690     
         682     1.08315046054475     
         683    0.798009997605408     
         684     1.40383755562600     
         685     2.08881420581152     
         686     1.24142881262181     
         687    0.897847909062880     
         688     2.26493588826297     
         689     1.74060550993680     
         690     2.15500646427932     
         691     2.28577251568659     
         692     3.37452652327181     
         693    0.987324061138742     
         694     1.89474683341718     
         695    0.869869446534001     
         696     1.76090460117398     
         697     2.70334047170160     
         698     1.74935691738334     
         699     3.20413126393986     
         700    0.948386284308104     
         701     3.42297806131415     
         702    0.638018235027141     
         703     1.06287473375029     
         704     1.04239037185886     
         705     1.04599309283371     
         706     1.01879097014218     
         707    0.462417992753107     
         708     1.35297831926831     
         709    0.409475617866675     
         710     2.30307296235227     
         711    0.900935362625655     
         712    0.667435758569838     
         713     1.91099985737352     
         714     2.18187208120000     
         715     1.45341666379210     
         716    0.807144720711586     
         717     2.34806160082850     
         718     1.98571242143035     
         719    0.778437176882272     
         720    0.905876601072120     
         721     2.67190772562748     
         722    0.658447170828093     
         723     2.45933796927715     
         724     1.17880995955746     
         725     1.37099743368267     
         726    0.909983125597632     
         727    0.547677192391405     
         728     1.78663598250365     
         729     1.27025222021050     
         730     2.85024505006503     
         731     1.06670201940220     
         732     1.72074944529503     
         733     2.18185239872514     
         734     1.48023181329711     
         735     1.98290645296247     
         736     2.25157213645489     
         737     2.93280319761480     
         738     1.30186992151259     
         739     2.02451237431262     
         740     2.60888279548439     
         741     2.61202415371114     
         742     2.26543111637079     
         743     1.00666983693968     
         744     1.15587101898004     
         745     1.56805938620566     
         746    0.249710752285920     
         747     1.81096396635787     
         748    0.477648474560632     
         749     1.07004109698390     
         750     1.19217532128341     
         751     4.05128112490756     
         752     2.50185595117915     
         753     1.37462565893000     
         754     1.12083888994758     
         755     1.71978143847999     
         756    0.588190231473057     
         757    0.971224846087735     
         758     3.12482630011304     
         759     1.94924383832200     
         760     2.71935395651264     
         761     3.10519649489824     
         762    0.450899745652372     
         763     1.81369079552086     
         764    0.626867089534340     
         765     1.24058848972307     
         766     2.57674758008339     
         767    0.979799093926908     
         768     2.20189354420874     
         769     1.15567054760943     
         770    0.946521465617411     
         771     1.79674078282878     
         772     1.40694658382915     
         773     1.09049152596845     
         774     2.87430007092019     
         775    0.788005322147311     
         776    0.845842728724744     
         777     2.09389444390086     
         778     1.23645834050875     
         779    0.935253261735694     
         780     3.02790614711604     
         781     2.53205067110326     
         782     3.00773999137236     
         783     1.02120775304569     
         784     1.43731539415335     
         785    0.412994101313714     
         786     1.28457871220297     
         787     2.66590231765883     
         788     1.05262292422820     
         789     1.11559997566518     
         790     2.43053351138253     
         791     2.65669146609700     
         792     1.14142316584364     
         793     3.20371692825557     
         794     1.54340548048554     
         795     1.08883952857187     
         796     1.88654539094447     
         797     1.57928838865831     
         798     2.47903011621432     
         799     2.77226286515682     
         800    0.924715362811662     
         801     1.86649013277179     
         802    0.530945735347528     
         803     2.15272083701400     
         804    0.322454127851695     
         805     2.88778815340130     
         806     1.19111500095909     
         807     2.37918023552021     
         808     1.20816173059384     
         809     1.02072746491430     
         810     1.55184001903103     
         811    0.594340180616232     
         812     2.43857250121467     
         813     2.57247537574957     
         814     1.40584299882508     
         815     1.63671969018214     
         816     1.01280838565470     
         817    0.589380184552563     
         818     1.22280117840487     
         819     1.35544718097381     
         820     1.10358997057262     
         821     3.22327372745812     
         822    0.544791846488945     
         823    0.268927174200410     
         824     2.48671396423268     
         825     1.76573448485852     
         826     2.59833947827594     
         827    0.438865622042432     
         828     1.71068666177614     
         829     2.61013014477069     
         830     1.12510095185877     
         831    0.169453873734148     
         832     1.37980105845129     
         833    0.384308049287732     
         834     1.53144690409145     
         835     3.83456719162116     
         836    0.600081538796295     
         837     1.11924641883033     
         838     2.05062718161512     
         839    0.554941204712390     
         840     1.68377674266302     
         841     1.67939622833293     
         842     2.70790076755599     
         843    0.677999190430800     
         844     1.00391067643467     
         845     2.42366827172965     
         846     1.50406717934755     
         847     2.87291490905890     
         848     2.48609525846373     
         849     1.07203167047658     
         850    0.339960037381556     
         851     1.28289382793262     
         852     1.24998586442484     
         853     1.82472555737000     
         854    0.382413188904388     
         855     1.06995923256605     
         856     2.07923179518687     
         857     1.68946558089831     
         858     1.46774537280438     
         859     2.10018287080442     
         860     3.47044756105914     
         861    0.202861391198501     
         862     1.32748342081854     
         863    0.416361030589493     
         864     2.15185756845186     
         865     1.78014334793808     
         866     2.03529146267139     
         867     1.45527402212311     
         868     1.31471424994850     
         869     2.86036522134494     
         870     2.14608283258155     
         871     1.19368836684778     
         872     2.08769239919006     
         873     1.60961657533831     
         874     2.92366605394009     
         875     1.23027121887913     
         876    0.883246896484148     
         877     1.86278229678586     
         878    0.151171570115982     
         879     3.13867351182018     
         880     1.36601849805773     
         881     2.77074134882828     
         882     1.57723301789799     
         883     2.11283035567062     
         884     1.19227148232810     
         885     2.76832807134042     
         886     3.24792674804979     
         887    0.385527226463289     
         888    5.843060908314415E-002
         889     2.79640583303626     
         890    0.736876809601224     
         891     1.66570197642501     
         892     1.15438482120736     
         893     1.66480298991157     
         894     1.27798432084351     
         895    0.678393328321206     
         896     1.36006881505293     
         897     2.00080843538318     
         898    0.706448227900809     
         899     1.43784292323783     
         900     1.52616086678123     
         901    0.560585304134813     
         902     1.38647723190126     
         903     1.74319397960850     
         904     1.87383376954819     
         905     1.78009100164090     
         906     2.40795047636335     
         907    0.937987630572245     
         908    0.639453656015409     
         909     3.71970797939199     
         910     3.18419043900014     
         911     1.77065100791971     
         912    0.907435738720845     
         913     1.00984511981535     
         914     1.58593922359797     
         915     1.20968023967871     
         916     1.51331298852143     
         917    0.763402434409408     
         918     1.32314761514876     
         919    0.636865259807238     
         920     1.21914900179528     
         921     1.64920631738944     
         922     2.75185385389294     
         923    0.539126088843790     
         924     2.60156678484499     
         925     1.67659241685983     
         926     1.67571267585132     
         927     4.75250753118722     
         928     1.59579886999988     
         929     1.77169591141277     
         930     1.73956811426681     
         931     1.52054292462230     
         932     3.01397259772693     
         933     1.56192635491981     
         934     2.62577499155041     
         935    0.865706454285775     
         936     1.01822180234503     
         937     1.34394475185761     
         938     1.27177562976137     
         939     1.80045201072051     
         940     2.67260920769900     
         941     1.73852976887419     
         942     2.35734201512998     
         943     2.20471004670406     
         944     2.45287345822326     
         945     1.87051094346052     
         946     2.43360386655727     
         947     3.12876167813163     
         948    0.843268708000334     
         949     2.10469117723955     
         950     2.04426030438290     
         951     1.44914259604799     
         952     2.65657581253011     
         953     2.45160054751665     
         954     1.03466164056793     
         955    0.176468989325499     
         956     2.11144216772849     
         957     1.56202093071240     
         958     2.55947964078493     
         959     2.89371830619739     
         960    0.676307707380540     
         961     2.36363037945691     
         962     1.69601777803841     
         963     2.11187638932949     
         964     2.46321211712426     
         965     3.63017377435706     
         966     1.16670287274860     
         967    0.732269450481920     
         968    0.846640790722401     
         969    0.223022255712285     
         970     1.05564634796935     
         971    0.581086762979111     
         972     1.34356283451331     
         973     2.60506188642948     
         974     1.10695690348105     
         975    0.740797350925947     
         976     1.69920970954314     
         977     2.34623903289875     
         978     1.36351796946817     
         979     2.20357747102939     
         980    0.554818088326706     
         981    0.945985508584923     
         982     1.24095082508362     
         983    0.707944522156156     
         984     1.90426814211380     
         985     3.56603525584859     
         986     1.23396552875238     
         987     2.42969200667728     
         988     2.18970463496917     
         989    0.295031654789328     
         990     1.37069629511379     
         991     2.69137669600073     
         992     1.46323597461873     
         993     1.94449551465770     
         994     1.42425650110446     
         995     2.01460359123915     
         996    0.726175610857425     
         997     1.48487421449587     
         998     2.41185455753230     
         999     498.626689545276     
        1000    0.970479709869824     
