  1.000000047497451305389404296875000E-0003     1.08859153636856     
  2.000000094994902610778808593750000E-0003     1.01276881600991     
  3.000000026077032089233398437500000E-0003     1.00745853972048     
  4.000000189989805221557617187500000E-0003    0.927651123473002     
  4.999999888241291046142578125000000E-0003     1.01366062264704     
  6.000000052154064178466796875000000E-0003     1.06094149530926     
  7.000000216066837310791015625000000E-0003     1.04610445180253     
  8.000000379979610443115234375000000E-0003    0.937592833535367     
  8.999999612569808959960937500000000E-0003     1.05669934814307     
  9.999999776482582092285156250000000E-0003    0.914616586067359     
  1.099999994039535522460937500000000E-0002     1.07885641785337     
  1.200000010430812835693359375000000E-0002    0.902980222817732     
  1.300000026822090148925781250000000E-0002    0.936773550566580     
  1.400000043213367462158203125000000E-0002     1.06347891630811     
  1.499999966472387313842773437500000E-0002     1.06839742617408     
  1.600000075995922088623046875000000E-0002     1.00394720132911     
  1.700000092387199401855468750000000E-0002    0.929394776834476     
  1.799999922513961791992187500000000E-0002    0.880461544047739     
  1.899999938905239105224609375000000E-0002    0.943966477276451     
  1.999999955296516418457031250000000E-0002    0.938982687542219     
  2.099999971687793731689453125000000E-0002    0.921003645969005     
  2.199999988079071044921875000000000E-0002    0.992097369643262     
  2.300000004470348358154296875000000E-0002     1.05298080845861     
  2.400000020861625671386718750000000E-0002    0.986446851038428     
  2.500000037252902984619140625000000E-0002    0.860707473923038     
  2.600000053644180297851562500000000E-0002    0.908395647247603     
  2.700000070035457611083984375000000E-0002    0.927257078587289     
  2.800000086426734924316406250000000E-0002    0.869411290202981     
  2.899999916553497314453125000000000E-0002    0.865081678053701     
  2.999999932944774627685546875000000E-0002    0.894725951553019     
  3.099999949336051940917968750000000E-0002     1.00035227276708     
  3.200000151991844177246093750000000E-0002    0.922570452110007     
  3.299999982118606567382812500000000E-0002     1.00227927329204     
  3.400000184774398803710937500000000E-0002    0.926309377574845     
  3.500000014901161193847656250000000E-0002    0.859835696279376     
  3.599999845027923583984375000000000E-0002    0.921703989126102     
  3.700000047683715820312500000000000E-0002    0.875528764212547     
  3.799999877810478210449218750000000E-0002    0.918003939173247     
  3.900000080466270446777343750000000E-0002    0.815702030119364     
  3.999999910593032836914062500000000E-0002    0.949841948994828     
  4.100000113248825073242187500000000E-0002    0.890705090411755     
  4.199999943375587463378906250000000E-0002    0.849828564208753     
  4.300000146031379699707031250000000E-0002    0.884621785779894     
  4.399999976158142089843750000000000E-0002    0.760318421559082     
  4.500000178813934326171875000000000E-0002    0.820440752296285     
  4.600000008940696716308593750000000E-0002    0.780305695446990     
  4.699999839067459106445312500000000E-0002    0.850942945016373     
  4.800000041723251342773437500000000E-0002    0.795092121052958     
  4.899999871850013732910156250000000E-0002    0.766486914879512     
  5.000000074505805969238281250000000E-0002    0.786771626470696     
  5.099999904632568359375000000000000E-0002    0.795442015479556     
  5.200000107288360595703125000000000E-0002    0.735204177053585     
  5.299999937415122985839843750000000E-0002    0.716829579817179     
  5.400000140070915222167968750000000E-0002    0.729954618715270     
  5.499999970197677612304687500000000E-0002    0.856643826959156     
  5.600000172853469848632812500000000E-0002    0.772034791649475     
  5.700000002980232238769531250000000E-0002    0.784045835064793     
  5.799999833106994628906250000000000E-0002    0.754150757642732     
  5.900000035762786865234375000000000E-0002    0.823068667759451     
  5.999999865889549255371093750000000E-0002    0.781209617884378     
  6.100000068545341491699218750000000E-0002    0.644597209814291     
  6.199999898672103881835937500000000E-0002    0.626664356789134     
  6.300000101327896118164062500000000E-0002    0.678872261640704     
  6.400000303983688354492187500000000E-0002    0.720247429108637     
  6.499999761581420898437500000000000E-0002    0.610610471651559     
  6.599999964237213134765625000000000E-0002    0.679495969561646     
  6.700000166893005371093750000000000E-0002    0.625905517997871     
  6.800000369548797607421875000000000E-0002    0.683744089105250     
  6.899999827146530151367187500000000E-0002    0.608586924325894     
  7.000000029802322387695312500000000E-0002    0.697702175300287     
  7.100000232458114624023437500000000E-0002    0.716416719150110     
  7.199999690055847167968750000000000E-0002    0.680364643054851     
  7.299999892711639404296875000000000E-0002    0.586802035761660     
  7.400000095367431640625000000000000E-0002    0.515161649111970     
  7.500000298023223876953125000000000E-0002    0.684780925870236     
  7.599999755620956420898437500000000E-0002    0.656852799452222     
  7.699999958276748657226562500000000E-0002    0.495389506938119     
  7.800000160932540893554687500000000E-0002    0.463970055946168     
  7.900000363588333129882812500000000E-0002    0.502977786024437     
  7.999999821186065673828125000000000E-0002    0.577075530365376     
  8.100000023841857910156250000000000E-0002    0.441801483142679     
  8.200000226497650146484375000000000E-0002    0.609464802903158     
  8.299999684095382690429687500000000E-0002    0.469625510236200     
  8.399999886751174926757812500000000E-0002    0.588340967656817     
  8.500000089406967163085937500000000E-0002    0.446321850807557     
  8.600000292062759399414062500000000E-0002    0.541481032890940     
  8.699999749660491943359375000000000E-0002    0.542189325967071     
  8.799999952316284179687500000000000E-0002    0.488427972464316     
  8.900000154972076416015625000000000E-0002    0.436908682599637     
  9.000000357627868652343750000000000E-0002    0.430355850592445     
  9.099999815225601196289062500000000E-0002    0.331484577476288     
  9.200000017881393432617187500000000E-0002    0.370296441927818     
  9.300000220537185668945312500000000E-0002    0.474356501839919     
  9.399999678134918212890625000000000E-0002    0.445298845803528     
  9.499999880790710449218750000000000E-0002    0.270489215491565     
  9.600000083446502685546875000000000E-0002    0.400350971356766     
  9.700000286102294921875000000000000E-0002    0.328808306454977     
  9.799999743700027465820312500000000E-0002    0.381595009388471     
  9.899999946355819702148437500000000E-0002    0.360183689604376     
  0.100000001490116119384765625000000          0.266486920476917     
  0.101000003516674041748046875000000          0.328849211612213     
  0.101999998092651367187500000000000          0.273087654661474     
  0.103000000119209289550781250000000          0.321330271250835     
  0.104000002145767211914062500000000          0.331706932548439     
  0.104999996721744537353515625000000          0.194698478932203     
  0.105999998748302459716796875000000          0.215185777143118     
  0.107000000774860382080078125000000          0.213255276663940     
  0.108000002801418304443359375000000          0.284151062339814     
  0.108999997377395629882812500000000          0.261993837936387     
  0.109999999403953552246093750000000          8.966952041426354E-002
  0.111000001430511474609375000000000          0.128566071001967     
  0.112000003457069396972656250000000          0.238347590324681     
  0.112999998033046722412109375000000          0.170153687068248     
  0.114000000059604644775390625000000          8.581592259242865E-002
  0.115000002086162567138671875000000          7.079177246284160E-002
  0.115999996662139892578125000000000          0.143491342006472     
  0.116999998688697814941406250000000          7.858443853280250E-002
  0.118000000715255737304687500000000          7.626876180183076E-002
  0.119000002741813659667968750000000         -1.998278435937294E-002
  0.119999997317790985107421875000000         -2.457554350696045E-002
  0.120999999344348907470703125000000          1.472918953311850E-003
  0.122000001370906829833984375000000         -7.210169916642577E-003
  0.123000003397464752197265625000000          4.120890674272615E-002
  0.123999997973442077636718750000000         -4.488655372795534E-002
  0.125000000000000000000000000000000         -9.528904408216476E-002
  0.126000002026557922363281250000000         -0.109536318040519     
  0.127000004053115844726562500000000         -7.616633660178336E-002
  0.128000006079673767089843750000000         -5.718219524146126E-003
  0.128999993205070495605468750000000         -0.128008408732287     
  0.129999995231628417968750000000000         -1.764973882255594E-002
  0.130999997258186340332031250000000         -8.751732453086249E-002
  0.131999999284744262695312500000000         -0.138027964542917     
  0.133000001311302185058593750000000         -0.183407705620143     
  0.134000003337860107421875000000000         -2.490971357956290E-002
  0.135000005364418029785156250000000         -4.967313876998841E-002
  0.136000007390975952148437500000000         -0.146279613324142     
  0.136999994516372680664062500000000         -0.133862567062371     
  0.137999996542930603027343750000000         -0.106705576536458     
  0.138999998569488525390625000000000         -0.103673718480547     
  0.140000000596046447753906250000000         -0.284194307780654     
  0.141000002622604370117187500000000         -0.259605554326043     
  0.142000004649162292480468750000000         -0.229466151645404     
  0.143000006675720214843750000000000         -0.186659726978177     
  0.143999993801116943359375000000000         -0.310598462046527     
  0.144999995827674865722656250000000         -0.307398600993761     
  0.145999997854232788085937500000000         -0.191787994269287     
  0.146999999880790710449218750000000         -0.192544016576638     
  0.148000001907348632812500000000000         -0.314654385138390     
  0.149000003933906555175781250000000         -0.213135194304319     
  0.150000005960464477539062500000000         -0.261235598172672     
  0.150999993085861206054687500000000         -0.261635605840147     
  0.151999995112419128417968750000000         -0.280169057296892     
  0.152999997138977050781250000000000         -0.255685385986528     
  0.153999999165534973144531250000000         -0.289010921702521     
  0.155000001192092895507812500000000         -0.456867500780376     
  0.156000003218650817871093750000000         -0.290142889058381     
  0.157000005245208740234375000000000         -0.360214171953173     
  0.158000007271766662597656250000000         -0.499894720489496     
  0.158999994397163391113281250000000         -0.332097980522948     
  0.159999996423721313476562500000000         -0.406955329220931     
  0.160999998450279235839843750000000         -0.387553674891564     
  0.162000000476837158203125000000000         -0.437574944502168     
  0.163000002503395080566406250000000         -0.533362429418800     
  0.164000004529953002929687500000000         -0.427351009673727     
  0.165000006556510925292968750000000         -0.390647309155312     
  0.165999993681907653808593750000000         -0.493805556223115     
  0.166999995708465576171875000000000         -0.553565503197623     
  0.167999997735023498535156250000000         -0.481224843424780     
  0.168999999761581420898437500000000         -0.620076546776598     
  0.170000001788139343261718750000000         -0.546439301744370     
  0.171000003814697265625000000000000         -0.621808619792446     
  0.172000005841255187988281250000000         -0.477051155319089     
  0.172999992966651916503906250000000         -0.558174816872615     
  0.173999994993209838867187500000000         -0.598270607102626     
  0.174999997019767761230468750000000         -0.498861194014844     
  0.175999999046325683593750000000000         -0.545934838030799     
  0.177000001072883605957031250000000         -0.557708816794341     
  0.178000003099441528320312500000000         -0.576450780796655     
  0.179000005125999450683593750000000         -0.580825937002804     
  0.180000007152557373046875000000000         -0.594027992129451     
  0.180999994277954101562500000000000         -0.675486119034842     
  0.181999996304512023925781250000000         -0.611307577588679     
  0.182999998331069946289062500000000         -0.644486956807504     
  0.184000000357627868652343750000000         -0.647079421913037     
  0.185000002384185791015625000000000         -0.665088690430527     
  0.186000004410743713378906250000000         -0.615682639810983     
  0.187000006437301635742187500000000         -0.778677778326404     
  0.187999993562698364257812500000000         -0.646935756184599     
  0.188999995589256286621093750000000         -0.620746743813612     
  0.189999997615814208984375000000000         -0.759905313723185     
  0.190999999642372131347656250000000         -0.683128703941854     
  0.192000001668930053710937500000000         -0.755843887182222     
  0.193000003695487976074218750000000         -0.768903469709375     
  0.194000005722045898437500000000000         -0.831789298380096     
  0.194999992847442626953125000000000         -0.806886826824967     
  0.195999994874000549316406250000000         -0.770376175814633     
  0.196999996900558471679687500000000         -0.862609771520867     
  0.197999998927116394042968750000000         -0.702313618810788     
  0.199000000953674316406250000000000         -0.872033391229114     
  0.200000002980232238769531250000000         -0.892774096525647     
  0.201000005006790161132812500000000         -0.854044052853090     
  0.202000007033348083496093750000000         -0.870375427729938     
  0.202999994158744812011718750000000         -0.778318423701978     
  0.203999996185302734375000000000000         -0.753383764291241     
  0.204999998211860656738281250000000         -0.917671428857879     
  0.206000000238418579101562500000000         -0.815785114453779     
  0.207000002264976501464843750000000         -0.865860976904623     
  0.208000004291534423828125000000000         -0.769268072150339     
  0.209000006318092346191406250000000         -0.960590949244010     
  0.209999993443489074707031250000000         -0.920201762015239     
  0.210999995470046997070312500000000         -0.943599881604973     
  0.211999997496604919433593750000000         -0.919356348911359     
  0.212999999523162841796875000000000         -0.910600627074061     
  0.214000001549720764160156250000000         -0.882967919551150     
  0.215000003576278686523437500000000         -0.857820475721106     
  0.216000005602836608886718750000000         -0.854681510779162     
  0.216999992728233337402343750000000         -0.919828619395770     
  0.217999994754791259765625000000000         -0.962501811417300     
  0.218999996781349182128906250000000         -0.939589516179344     
  0.219999998807907104492187500000000         -0.854218414005539     
  0.221000000834465026855468750000000         -0.870759482404554     
  0.222000002861022949218750000000000         -0.977345915392399     
  0.223000004887580871582031250000000         -0.984944742148023     
  0.224000006914138793945312500000000         -0.917434101415862     
  0.224999994039535522460937500000000          -1.02900849811846     
  0.225999996066093444824218750000000         -0.976010482927894     
  0.226999998092651367187500000000000         -0.894801779415482     
  0.228000000119209289550781250000000         -0.934197345065287     
  0.229000002145767211914062500000000         -0.967501211016505     
  0.230000004172325134277343750000000         -0.882197983680777     
  0.231000006198883056640625000000000         -0.872043617942624     
  0.231999993324279785156250000000000         -0.955897111186307     
  0.232999995350837707519531250000000         -0.901009846700059     
  0.233999997377395629882812500000000         -0.917346090204603     
  0.234999999403953552246093750000000          -1.01275766900029     
  0.236000001430511474609375000000000          -1.02207402864566     
  0.237000003457069396972656250000000          -1.01689195170566     
  0.238000005483627319335937500000000          -1.06251953058967     
  0.238999992609024047851562500000000          -1.06207675122450     
  0.239999994635581970214843750000000         -0.936375599293702     
  0.240999996662139892578125000000000          -1.01208724064936     
  0.241999998688697814941406250000000          -1.04655370301419     
  0.243000000715255737304687500000000         -0.909411399883165     
  0.244000002741813659667968750000000          -1.02951973971949     
  0.245000004768371582031250000000000          -1.08784208802809     
  0.246000006794929504394531250000000          -1.07575138480306     
  0.246999993920326232910156250000000         -0.962455442142908     
  0.247999995946884155273437500000000         -0.984554239968466     
  0.248999997973442077636718750000000          -1.06216989598775     
  0.250000000000000000000000000000000          -1.01408281363547     
  0.250999987125396728515625000000000         -0.991371152961922     
  0.252000004053115844726562500000000          -1.08797229402761     
  0.252999991178512573242187500000000         -0.954252814448727     
  0.254000008106231689453125000000000          -1.03376616908865     
  0.254999995231628417968750000000000          -1.09317229299178     
  0.256000012159347534179687500000000         -0.968519715615590     
  0.256999999284744262695312500000000         -0.954361553561820     
  0.257999986410140991210937500000000          -1.01581246607687     
  0.259000003337860107421875000000000         -0.995629650142018     
  0.259999990463256835937500000000000          -1.01950726763760     
  0.261000007390975952148437500000000          -1.05612390869091     
  0.261999994516372680664062500000000         -0.982571759550811     
  0.263000011444091796875000000000000         -0.899272825881092     
  0.263999998569488525390625000000000          -1.06669923270216     
  0.264999985694885253906250000000000         -0.915723797360053     
  0.266000002622604370117187500000000         -0.893673353023417     
  0.266999989748001098632812500000000         -0.901261842683175     
  0.268000006675720214843750000000000          -1.07421768617026     
  0.268999993801116943359375000000000         -0.947451087587767     
  0.270000010728836059570312500000000         -0.944039210793044     
  0.270999997854232788085937500000000          -1.00578636051069     
  0.272000014781951904296875000000000         -0.937836027132439     
  0.273000001907348632812500000000000          -1.00611051055419     
  0.273999989032745361328125000000000         -0.910240100609011     
  0.275000005960464477539062500000000         -0.882552144752089     
  0.275999993085861206054687500000000         -0.973778480155457     
  0.277000010013580322265625000000000          -1.02025209838141     
  0.277999997138977050781250000000000          -1.03356591041422     
  0.279000014066696166992187500000000         -0.971749439129127     
  0.280000001192092895507812500000000         -0.857651581939957     
  0.280999988317489624023437500000000         -0.984101097353542     
  0.282000005245208740234375000000000         -0.859943153890330     
  0.282999992370605468750000000000000         -0.921202844070793     
  0.284000009298324584960937500000000         -0.884131195962369     
  0.284999996423721313476562500000000         -0.878846764811620     
  0.286000013351440429687500000000000         -0.803995345332645     
  0.287000000476837158203125000000000         -0.965483164647637     
  0.287999987602233886718750000000000         -0.906909888042198     
  0.289000004529953002929687500000000         -0.891653035768035     
  0.289999991655349731445312500000000         -0.781442481332066     
  0.291000008583068847656250000000000         -0.877838428030203     
  0.291999995708465576171875000000000         -0.765359363458742     
  0.293000012636184692382812500000000         -0.871218336967542     
  0.293999999761581420898437500000000         -0.766224697963939     
  0.294999986886978149414062500000000         -0.921909218271172     
  0.296000003814697265625000000000000         -0.759722792768910     
  0.296999990940093994140625000000000         -0.894953995836014     
  0.298000007867813110351562500000000         -0.849884520544981     
  0.298999994993209838867187500000000         -0.852958812459213     
  0.300000011920928955078125000000000         -0.870301519187311     
  0.300999999046325683593750000000000         -0.871509302488766     
  0.301999986171722412109375000000000         -0.779329609417880     
  0.303000003099441528320312500000000         -0.690202546746506     
  0.303999990224838256835937500000000         -0.818048244705592     
  0.305000007152557373046875000000000         -0.819657848399703     
  0.305999994277954101562500000000000         -0.824348180020531     
  0.307000011205673217773437500000000         -0.800517307623538     
  0.307999998331069946289062500000000         -0.653094586992906     
  0.308999985456466674804687500000000         -0.740729510440479     
  0.310000002384185791015625000000000         -0.781615791492560     
  0.310999989509582519531250000000000         -0.652496494736295     
  0.312000006437301635742187500000000         -0.728623268060824     
  0.312999993562698364257812500000000         -0.740296563141477     
  0.314000010490417480468750000000000         -0.729598622628536     
  0.314999997615814208984375000000000         -0.605458864555364     
  0.316000014543533325195312500000000         -0.605999842725645     
  0.317000001668930053710937500000000         -0.700901311400066     
  0.317999988794326782226562500000000         -0.605707217973026     
  0.319000005722045898437500000000000         -0.683857662174062     
  0.319999992847442626953125000000000         -0.694990392565853     
  0.321000009775161743164062500000000         -0.611943921544369     
  0.321999996900558471679687500000000         -0.677696567791351     
  0.323000013828277587890625000000000         -0.596257675033423     
  0.324000000953674316406250000000000         -0.555160299662812     
  0.324999988079071044921875000000000         -0.659462894356649     
  0.326000005006790161132812500000000         -0.522759397435897     
  0.326999992132186889648437500000000         -0.476880836822763     
  0.328000009059906005859375000000000         -0.628592150893443     
  0.328999996185302734375000000000000         -0.579862629617437     
  0.330000013113021850585937500000000         -0.481361216677424     
  0.331000000238418579101562500000000         -0.623853551554983     
  0.331999987363815307617187500000000         -0.444849898618641     
  0.333000004291534423828125000000000         -0.535857369291497     
  0.333999991416931152343750000000000         -0.470378400037219     
  0.335000008344650268554687500000000         -0.471248823293674     
  0.335999995470046997070312500000000         -0.395596214211834     
  0.337000012397766113281250000000000         -0.532565505473669     
  0.337999999523162841796875000000000         -0.544881643770688     
  0.338999986648559570312500000000000         -0.511947380948923     
  0.340000003576278686523437500000000         -0.415083066079954     
  0.340999990701675415039062500000000         -0.498561458979815     
  0.342000007629394531250000000000000         -0.334010300195035     
  0.342999994754791259765625000000000         -0.310203027002187     
  0.344000011682510375976562500000000         -0.388671230450610     
  0.344999998807907104492187500000000         -0.406801852969679     
  0.345999985933303833007812500000000         -0.347772314290293     
  0.347000002861022949218750000000000         -0.296460603102407     
  0.347999989986419677734375000000000         -0.325655291983690     
  0.349000006914138793945312500000000         -0.289731780661405     
  0.349999994039535522460937500000000         -0.286655727471836     
  0.351000010967254638671875000000000         -0.292831466350707     
  0.351999998092651367187500000000000         -0.264838786263106     
  0.352999985218048095703125000000000         -0.339844164425899     
  0.354000002145767211914062500000000         -0.207000757370150     
  0.354999989271163940429687500000000         -0.303156492552987     
  0.356000006198883056640625000000000         -0.187797445030355     
  0.356999993324279785156250000000000         -0.155008040101164     
  0.358000010251998901367187500000000         -0.227155432778020     
  0.358999997377395629882812500000000         -0.230572498797044     
  0.360000014305114746093750000000000         -0.150593650439980     
  0.361000001430511474609375000000000         -0.206369485316952     
  0.361999988555908203125000000000000         -8.689898137581212E-002
  0.363000005483627319335937500000000         -0.185577404613487     
  0.363999992609024047851562500000000         -0.208527185790873     
  0.365000009536743164062500000000000         -6.161402831803575E-002
  0.365999996662139892578125000000000         -0.129181755049375     
  0.367000013589859008789062500000000         -0.140224203766747     
  0.368000000715255737304687500000000         -9.852387887548589E-002
  0.368999987840652465820312500000000         -5.693150978913547E-002
  0.370000004768371582031250000000000         -9.634167212662736E-002
  0.370999991893768310546875000000000         -5.739360000220142E-004
  0.372000008821487426757812500000000          6.309886888769350E-003
  0.372999995946884155273437500000000         -0.103278325116445     
  0.374000012874603271484375000000000         -0.102946978882902     
  0.375000000000000000000000000000000          1.393421925604343E-002
  0.375999987125396728515625000000000          3.105935163890592E-002
  0.377000004053115844726562500000000          0.123539620256235     
  0.377999991178512573242187500000000         -3.858205066731282E-002
  0.379000008106231689453125000000000          0.119034855708036     
  0.379999995231628417968750000000000          4.592482071039716E-002
  0.381000012159347534179687500000000          0.153910533677843     
  0.381999999284744262695312500000000         -4.146786023565302E-003
  0.382999986410140991210937500000000          6.646029308573727E-002
  0.384000003337860107421875000000000          6.551176057591795E-002
  0.384999990463256835937500000000000          0.150805709092128     
  0.386000007390975952148437500000000          0.125124467373527     
  0.386999994516372680664062500000000          0.153730989361994     
  0.388000011444091796875000000000000          0.175292065149365     
  0.388999998569488525390625000000000          0.232874296216448     
  0.389999985694885253906250000000000          0.125141062686446     
  0.391000002622604370117187500000000          0.209107019400761     
  0.391999989748001098632812500000000          0.214892242311109     
  0.393000006675720214843750000000000          0.298796400160426     
  0.393999993801116943359375000000000          0.259673434467458     
  0.395000010728836059570312500000000          0.305494771591655     
  0.395999997854232788085937500000000          0.283059171203529     
  0.397000014781951904296875000000000          0.343123448068668     
  0.398000001907348632812500000000000          0.325223106358287     
  0.398999989032745361328125000000000          0.375755872860554     
  0.400000005960464477539062500000000          0.332883039187320     
  0.400999993085861206054687500000000          0.355622083543003     
  0.402000010013580322265625000000000          0.301328644351866     
  0.402999997138977050781250000000000          0.441714857443532     
  0.404000014066696166992187500000000          0.317658951583095     
  0.405000001192092895507812500000000          0.317531641213449     
  0.405999988317489624023437500000000          0.408493795357982     
  0.407000005245208740234375000000000          0.484942745439382     
  0.407999992370605468750000000000000          0.472778205728349     
  0.409000009298324584960937500000000          0.398510862459510     
  0.409999996423721313476562500000000          0.414716149199943     
  0.411000013351440429687500000000000          0.409933385077976     
  0.412000000476837158203125000000000          0.520359786270612     
  0.412999987602233886718750000000000          0.440353221489843     
  0.414000004529953002929687500000000          0.388525665379417     
  0.414999991655349731445312500000000          0.452024761663008     
  0.416000008583068847656250000000000          0.452701996291211     
  0.416999995708465576171875000000000          0.435657550680352     
  0.418000012636184692382812500000000          0.547048801136199     
  0.418999999761581420898437500000000          0.600589605379408     
  0.419999986886978149414062500000000          0.492250061405894     
  0.421000003814697265625000000000000          0.460627818102821     
  0.421999990940093994140625000000000          0.518784816053146     
  0.423000007867813110351562500000000          0.490690413453355     
  0.423999994993209838867187500000000          0.650967509407514     
  0.425000011920928955078125000000000          0.631289935714405     
  0.425999999046325683593750000000000          0.606510167729421     
  0.426999986171722412109375000000000          0.589391472343715     
  0.428000003099441528320312500000000          0.536945980804809     
  0.428999990224838256835937500000000          0.644300815188106     
  0.430000007152557373046875000000000          0.596879284620411     
  0.430999994277954101562500000000000          0.710329411122159     
  0.432000011205673217773437500000000          0.731937271576675     
  0.432999998331069946289062500000000          0.753738444807658     
  0.433999985456466674804687500000000          0.725596055827986     
  0.435000002384185791015625000000000          0.748237447426324     
  0.435999989509582519531250000000000          0.688883763131734     
  0.437000006437301635742187500000000          0.676429729916585     
  0.437999993562698364257812500000000          0.631514544465086     
  0.439000010490417480468750000000000          0.623408638324361     
  0.439999997615814208984375000000000          0.646071301423409     
  0.441000014543533325195312500000000          0.801729847100551     
  0.442000001668930053710937500000000          0.745262950910059     
  0.442999988794326782226562500000000          0.816371524735602     
  0.444000005722045898437500000000000          0.768546526251663     
  0.444999992847442626953125000000000          0.815126405280654     
  0.446000009775161743164062500000000          0.702861315002833     
  0.446999996900558471679687500000000          0.847137802721038     
  0.448000013828277587890625000000000          0.855294071429932     
  0.449000000953674316406250000000000          0.785839809186063     
  0.449999988079071044921875000000000          0.842283331455807     
  0.451000005006790161132812500000000          0.819909402715814     
  0.451999992132186889648437500000000          0.756713745444392     
  0.453000009059906005859375000000000          0.820238498863811     
  0.453999996185302734375000000000000          0.872344256604149     
  0.455000013113021850585937500000000          0.859198526096440     
  0.456000000238418579101562500000000          0.865752510526822     
  0.456999987363815307617187500000000          0.842253634927585     
  0.458000004291534423828125000000000          0.823858993999352     
  0.458999991416931152343750000000000          0.919088548878620     
  0.460000008344650268554687500000000          0.962430457823517     
  0.460999995470046997070312500000000          0.960761027411285     
  0.462000012397766113281250000000000          0.904922643108355     
  0.462999999523162841796875000000000          0.976822091499386     
  0.463999986648559570312500000000000          0.859238133379243     
  0.465000003576278686523437500000000           1.00162233250712     
  0.465999990701675415039062500000000          0.914365341894268     
  0.467000007629394531250000000000000          0.921504073838294     
  0.467999994754791259765625000000000          0.834887745412547     
  0.469000011682510375976562500000000          0.880948155441129     
  0.469999998807907104492187500000000          0.973916353610060     
  0.470999985933303833007812500000000           1.01029698107530     
  0.472000002861022949218750000000000          0.994593532637119     
  0.472999989986419677734375000000000          0.944524228857720     
  0.474000006914138793945312500000000          0.982260331003059     
  0.474999994039535522460937500000000          0.855700088368002     
  0.476000010967254638671875000000000           1.00597536741371     
  0.476999998092651367187500000000000          0.927016081985110     
  0.477999985218048095703125000000000          0.950424217978584     
  0.479000002145767211914062500000000           1.05758494258772     
  0.479999989271163940429687500000000          0.913590783369209     
  0.481000006198883056640625000000000           1.03664746222764     
  0.481999993324279785156250000000000          0.947906452903073     
  0.483000010251998901367187500000000          0.983889773827263     
  0.483999997377395629882812500000000           1.01219619450677     
  0.485000014305114746093750000000000          0.921964783647646     
  0.486000001430511474609375000000000          0.956959951465037     
  0.486999988555908203125000000000000          0.895495649739353     
  0.488000005483627319335937500000000          0.943162086243720     
  0.488999992609024047851562500000000          0.958779148839214     
  0.490000009536743164062500000000000           1.05748038844620     
  0.490999996662139892578125000000000           1.05996903015484     
  0.492000013589859008789062500000000          0.948272155753631     
  0.493000000715255737304687500000000          0.960064593029155     
  0.493999987840652465820312500000000          0.909564446681221     
  0.495000004768371582031250000000000          0.926857735797068     
  0.495999991893768310546875000000000          0.999905882041660     
  0.497000008821487426757812500000000           1.02479133712436     
  0.497999995946884155273437500000000           1.00002628289575     
  0.499000012874603271484375000000000          0.913244575301481     
  0.500000000000000000000000000000000           1.04013022407889     
  0.500999987125396728515625000000000          0.925871811846567     
  0.501999974250793457031250000000000          0.968781334865867     
  0.503000020980834960937500000000000           1.08712300880547     
  0.504000008106231689453125000000000           1.01188102735834     
  0.504999995231628417968750000000000           1.07585049031605     
  0.505999982357025146484375000000000           1.02770596399506     
  0.507000029087066650390625000000000          0.932666357559905     
  0.508000016212463378906250000000000          0.969065926791606     
  0.509000003337860107421875000000000          0.895456366075177     
  0.509999990463256835937500000000000          0.955352642698632     
  0.510999977588653564453125000000000           1.04813216579753     
  0.512000024318695068359375000000000           1.01123480163667     
  0.513000011444091796875000000000000          0.895855579837410     
  0.513999998569488525390625000000000          0.913422282581237     
  0.514999985694885253906250000000000          0.884209413507571     
  0.515999972820281982421875000000000           1.06312401634049     
  0.517000019550323486328125000000000           1.05017467738231     
  0.518000006675720214843750000000000           1.04923217903964     
  0.518999993801116943359375000000000          0.872323543706231     
  0.519999980926513671875000000000000           1.06225002755277     
  0.521000027656555175781250000000000          0.955471608227506     
  0.522000014781951904296875000000000          0.999268759401606     
  0.523000001907348632812500000000000           1.02564813825118     
  0.523999989032745361328125000000000           1.01123343958134     
  0.524999976158142089843750000000000          0.931939145498242     
  0.526000022888183593750000000000000          0.928002732242408     
  0.527000010013580322265625000000000          0.985046901792177     
  0.527999997138977050781250000000000          0.843668917075157     
  0.528999984264373779296875000000000          0.853867436352374     
  0.529999971389770507812500000000000          0.969449983891375     
  0.531000018119812011718750000000000          0.998302491898223     
  0.532000005245208740234375000000000          0.982019426854808     
  0.532999992370605468750000000000000          0.864721599562616     
  0.533999979496002197265625000000000          0.878381028434464     
  0.535000026226043701171875000000000          0.905104145278934     
  0.536000013351440429687500000000000          0.881601675027035     
  0.537000000476837158203125000000000          0.900877344654916     
  0.537999987602233886718750000000000          0.919142295969711     
  0.538999974727630615234375000000000          0.962036728190205     
  0.540000021457672119140625000000000          0.864358285937368     
  0.541000008583068847656250000000000          0.915429885397146     
  0.541999995708465576171875000000000          0.942387490473379     
  0.542999982833862304687500000000000          0.795217848481775     
  0.544000029563903808593750000000000          0.937073407322482     
  0.545000016689300537109375000000000          0.769672108926024     
  0.546000003814697265625000000000000          0.932062604690029     
  0.546999990940093994140625000000000          0.909677438330883     
  0.547999978065490722656250000000000          0.765712720706764     
  0.549000024795532226562500000000000          0.785171798273012     
  0.550000011920928955078125000000000          0.733536720873932     
  0.550999999046325683593750000000000          0.897594180039368     
  0.551999986171722412109375000000000          0.721955430054629     
  0.552999973297119140625000000000000          0.781220912401643     
  0.554000020027160644531250000000000          0.754489954542822     
  0.555000007152557373046875000000000          0.808900651705091     
  0.555999994277954101562500000000000          0.763692800701898     
  0.556999981403350830078125000000000          0.704949481468695     
  0.558000028133392333984375000000000          0.686695215537191     
  0.559000015258789062500000000000000          0.688728512091143     
  0.560000002384185791015625000000000          0.653391332947113     
  0.560999989509582519531250000000000          0.729942883748333     
  0.561999976634979248046875000000000          0.743224312932005     
  0.563000023365020751953125000000000          0.734793055693580     
  0.564000010490417480468750000000000          0.682779379979756     
  0.564999997615814208984375000000000          0.593768940851693     
  0.565999984741210937500000000000000          0.721620821434602     
  0.566999971866607666015625000000000          0.628095563973660     
  0.568000018596649169921875000000000          0.585698557769725     
  0.569000005722045898437500000000000          0.659905321466879     
  0.569999992847442626953125000000000          0.691744882404930     
  0.570999979972839355468750000000000          0.548192893660639     
  0.572000026702880859375000000000000          0.537939280861475     
  0.573000013828277587890625000000000          0.586260235462698     
  0.574000000953674316406250000000000          0.568889419336184     
  0.574999988079071044921875000000000          0.578028224452238     
  0.575999975204467773437500000000000          0.590135101401640     
  0.577000021934509277343750000000000          0.554406852832616     
  0.578000009059906005859375000000000          0.501714973386758     
  0.578999996185302734375000000000000          0.491520953918680     
  0.579999983310699462890625000000000          0.540336385203968     
  0.580999970436096191406250000000000          0.599086396918327     
  0.582000017166137695312500000000000          0.493950112459306     
  0.583000004291534423828125000000000          0.467841436254693     
  0.583999991416931152343750000000000          0.473390135193398     
  0.584999978542327880859375000000000          0.450797867462982     
  0.586000025272369384765625000000000          0.391480481089029     
  0.587000012397766113281250000000000          0.477921287759002     
  0.587999999523162841796875000000000          0.414080871312373     
  0.588999986648559570312500000000000          0.428342617686950     
  0.589999973773956298828125000000000          0.330098063998600     
  0.591000020503997802734375000000000          0.371602502060821     
  0.592000007629394531250000000000000          0.314713683879194     
  0.592999994754791259765625000000000          0.443452190629811     
  0.593999981880187988281250000000000          0.459474627781635     
  0.595000028610229492187500000000000          0.340800348416816     
  0.596000015735626220703125000000000          0.405822182415796     
  0.597000002861022949218750000000000          0.438361500128469     
  0.597999989986419677734375000000000          0.424088105754759     
  0.598999977111816406250000000000000          0.339885582671461     
  0.600000023841857910156250000000000          0.244053510234808     
  0.601000010967254638671875000000000          0.258399792298677     
  0.601999998092651367187500000000000          0.213544800344942     
  0.602999985218048095703125000000000          0.327961147750189     
  0.603999972343444824218750000000000          0.201790506943110     
  0.605000019073486328125000000000000          0.181800056044834     
  0.606000006198883056640625000000000          0.208623041556620     
  0.606999993324279785156250000000000          0.227558253531241     
  0.607999980449676513671875000000000          0.298388539539096     
  0.609000027179718017578125000000000          0.105834677256148     
  0.610000014305114746093750000000000          0.148727592924836     
  0.611000001430511474609375000000000          0.129677854089221     
  0.611999988555908203125000000000000          0.105206730557798     
  0.612999975681304931640625000000000          0.118619764673822     
  0.614000022411346435546875000000000          7.835216311412191E-002
  0.615000009536743164062500000000000          0.201203665835965     
  0.615999996662139892578125000000000          6.039320425525069E-002
  0.616999983787536621093750000000000          4.796177932526598E-002
  0.617999970912933349609375000000000          8.062282854728832E-002
  0.619000017642974853515625000000000          0.137106619945423     
  0.620000004768371582031250000000000          4.715275089857618E-002
  0.620999991893768310546875000000000          2.434956922682842E-003
  0.621999979019165039062500000000000          2.705845831051246E-002
  0.623000025749206542968750000000000          8.708217361318708E-003
  0.624000012874603271484375000000000         -7.204757921303043E-002
  0.625000000000000000000000000000000          2.416609600186348E-002
  0.625999987125396728515625000000000         -9.112281061803570E-002
  0.626999974250793457031250000000000         -4.653071350728238E-002
  0.628000020980834960937500000000000         -8.245214110329524E-002
  0.629000008106231689453125000000000         -0.141935556277188     
  0.629999995231628417968750000000000         -8.534130151984731E-002
  0.630999982357025146484375000000000         -2.700905518855290E-002
  0.632000029087066650390625000000000         -0.152321330253412     
  0.633000016212463378906250000000000         -0.120802650614638     
  0.634000003337860107421875000000000         -0.207381286932377     
  0.634999990463256835937500000000000         -0.134832524834383     
  0.635999977588653564453125000000000         -8.408139882283544E-002
  0.637000024318695068359375000000000         -0.182051456052177     
  0.638000011444091796875000000000000         -0.214290003074525     
  0.638999998569488525390625000000000         -0.102071508376082     
  0.639999985694885253906250000000000         -0.144260802218917     
  0.640999972820281982421875000000000         -0.137694410420459     
  0.642000019550323486328125000000000         -0.274399227188346     
  0.643000006675720214843750000000000         -0.142537116737002     
  0.643999993801116943359375000000000         -0.267826761276864     
  0.644999980926513671875000000000000         -0.274840904195683     
  0.646000027656555175781250000000000         -0.207681710823420     
  0.647000014781951904296875000000000         -0.180072938079407     
  0.648000001907348632812500000000000         -0.314402408365247     
  0.648999989032745361328125000000000         -0.249703441098335     
  0.649999976158142089843750000000000         -0.256108098880504     
  0.651000022888183593750000000000000         -0.369566799596844     
  0.652000010013580322265625000000000         -0.409672536151316     
  0.652999997138977050781250000000000         -0.309772298409900     
  0.653999984264373779296875000000000         -0.318037866025044     
  0.654999971389770507812500000000000         -0.425077387810599     
  0.656000018119812011718750000000000         -0.366263667043274     
  0.657000005245208740234375000000000         -0.377878841966064     
  0.657999992370605468750000000000000         -0.391428400730905     
  0.658999979496002197265625000000000         -0.362408832056215     
  0.660000026226043701171875000000000         -0.349982389562507     
  0.661000013351440429687500000000000         -0.430505929153524     
  0.662000000476837158203125000000000         -0.377464482604020     
  0.662999987602233886718750000000000         -0.541371503143366     
  0.663999974727630615234375000000000         -0.441790010617051     
  0.665000021457672119140625000000000         -0.391167173595179     
  0.666000008583068847656250000000000         -0.580602913374236     
  0.666999995708465576171875000000000         -0.540860419261170     
  0.667999982833862304687500000000000         -0.594243583005909     
  0.669000029563903808593750000000000         -0.555125615150362     
  0.670000016689300537109375000000000         -0.484637836294692     
  0.671000003814697265625000000000000         -0.595560276503547     
  0.671999990940093994140625000000000         -0.643293994155162     
  0.672999978065490722656250000000000         -0.473521270229102     
  0.674000024795532226562500000000000         -0.494583108635081     
  0.675000011920928955078125000000000         -0.584754954135816     
  0.675999999046325683593750000000000         -0.516309947494729     
  0.676999986171722412109375000000000         -0.534351690266641     
  0.677999973297119140625000000000000         -0.712046392851927     
  0.679000020027160644531250000000000         -0.530459908342932     
  0.680000007152557373046875000000000         -0.568322054833299     
  0.680999994277954101562500000000000         -0.624590916129903     
  0.681999981403350830078125000000000         -0.649227600762465     
  0.683000028133392333984375000000000         -0.689288290690059     
  0.684000015258789062500000000000000         -0.638792404014214     
  0.685000002384185791015625000000000         -0.636010469481950     
  0.685999989509582519531250000000000         -0.780793033399667     
  0.686999976634979248046875000000000         -0.628659281770660     
  0.688000023365020751953125000000000         -0.717339551922639     
  0.689000010490417480468750000000000         -0.669211592908721     
  0.689999997615814208984375000000000         -0.800362707697250     
  0.690999984741210937500000000000000         -0.801859137428506     
  0.691999971866607666015625000000000         -0.798894238903165     
  0.693000018596649169921875000000000         -0.664112882744568     
  0.694000005722045898437500000000000         -0.679577088380535     
  0.694999992847442626953125000000000         -0.771744072038320     
  0.695999979972839355468750000000000         -0.794617431220121     
  0.697000026702880859375000000000000         -0.817937361010429     
  0.698000013828277587890625000000000         -0.709287341976130     
  0.699000000953674316406250000000000         -0.895534034899673     
  0.699999988079071044921875000000000         -0.892385587694267     
  0.700999975204467773437500000000000         -0.906074057175800     
  0.702000021934509277343750000000000         -0.820810466671068     
  0.703000009059906005859375000000000         -0.822974876859272     
  0.703999996185302734375000000000000         -0.760015071595146     
  0.704999983310699462890625000000000         -0.816930906959023     
  0.705999970436096191406250000000000         -0.775005755573825     
  0.707000017166137695312500000000000         -0.814980126084924     
  0.708000004291534423828125000000000         -0.895008590943803     
  0.708999991416931152343750000000000         -0.781329209814260     
  0.709999978542327880859375000000000         -0.781366707321166     
  0.711000025272369384765625000000000         -0.841278075503132     
  0.712000012397766113281250000000000         -0.935356087414609     
  0.712999999523162841796875000000000         -0.829662336269437     
  0.713999986648559570312500000000000         -0.910595714659415     
  0.714999973773956298828125000000000         -0.883361873262808     
  0.716000020503997802734375000000000         -0.971220533957907     
  0.717000007629394531250000000000000         -0.970873564078064     
  0.717999994754791259765625000000000         -0.949394869240481     
  0.718999981880187988281250000000000         -0.854527192706748     
  0.720000028610229492187500000000000          -1.01420161312474     
  0.721000015735626220703125000000000          -1.01329276949465     
  0.722000002861022949218750000000000         -0.998051041618347     
  0.722999989986419677734375000000000          -1.04204375022639     
  0.723999977111816406250000000000000         -0.946482723189934     
  0.725000023841857910156250000000000          -1.04065812560197     
  0.726000010967254638671875000000000         -0.909439848648257     
  0.726999998092651367187500000000000         -0.861216864313954     
  0.727999985218048095703125000000000         -0.956179737472998     
  0.728999972343444824218750000000000         -0.882270977272108     
  0.730000019073486328125000000000000         -0.938246792302057     
  0.731000006198883056640625000000000          -1.00173905579119     
  0.731999993324279785156250000000000         -0.883971312755268     
  0.732999980449676513671875000000000         -0.970962960842152     
  0.734000027179718017578125000000000          -1.02589295845818     
  0.735000014305114746093750000000000          -1.07447433141767     
  0.736000001430511474609375000000000         -0.945577557926085     
  0.736999988555908203125000000000000          -1.05592742220983     
  0.737999975681304931640625000000000         -0.945321994276379     
  0.739000022411346435546875000000000          -1.02231674221951     
  0.740000009536743164062500000000000          -1.07830029086624     
  0.740999996662139892578125000000000          -1.05755113793721     
  0.741999983787536621093750000000000          -1.03456097637254     
  0.742999970912933349609375000000000          -1.00917676924710     
  0.744000017642974853515625000000000          -1.00526820338865     
  0.745000004768371582031250000000000          -1.04165504856338     
  0.745999991893768310546875000000000         -0.981172833579351     
  0.746999979019165039062500000000000         -0.961571438598593     
  0.748000025749206542968750000000000         -0.912840632308303     
  0.749000012874603271484375000000000         -0.974293492773843     
  0.750000000000000000000000000000000         -0.932224594056606     
  0.750999987125396728515625000000000          -1.01365213286347     
  0.751999974250793457031250000000000          -1.01296481541920     
  0.753000020980834960937500000000000          -1.06789581699963     
  0.754000008106231689453125000000000          -1.09573629869776     
  0.754999995231628417968750000000000          -1.05358776433696     
  0.755999982357025146484375000000000         -0.983758624005818     
  0.757000029087066650390625000000000         -0.950899980915532     
  0.758000016212463378906250000000000         -0.923813814119873     
  0.759000003337860107421875000000000         -0.930657140744824     
  0.759999990463256835937500000000000         -0.931808141185390     
  0.760999977588653564453125000000000         -0.931890207805215     
  0.762000024318695068359375000000000         -0.895637480916117     
  0.763000011444091796875000000000000         -0.897611465617268     
  0.763999998569488525390625000000000          -1.07118239605894     
  0.764999985694885253906250000000000         -0.922493298032870     
  0.765999972820281982421875000000000          -1.06443838071418     
  0.767000019550323486328125000000000         -0.895466277013619     
  0.768000006675720214843750000000000         -0.919841190540712     
  0.768999993801116943359375000000000          -1.04009462235241     
  0.769999980926513671875000000000000         -0.940215904385373     
  0.771000027656555175781250000000000          -1.04648477621229     
  0.772000014781951904296875000000000         -0.896068942161368     
  0.773000001907348632812500000000000         -0.866944133069390     
  0.773999989032745361328125000000000          -1.01018225206608     
  0.774999976158142089843750000000000         -0.990223919920887     
  0.776000022888183593750000000000000         -0.992273768777910     
  0.777000010013580322265625000000000          -1.01245075935114     
  0.777999997138977050781250000000000         -0.855187849954128     
  0.778999984264373779296875000000000         -0.884285690787437     
  0.779999971389770507812500000000000         -0.888839671369918     
  0.781000018119812011718750000000000         -0.857851008469745     
  0.782000005245208740234375000000000         -0.848518135579783     
  0.782999992370605468750000000000000         -0.823927931083889     
  0.783999979496002197265625000000000         -0.926786390727588     
  0.785000026226043701171875000000000         -0.880294534423634     
  0.786000013351440429687500000000000         -0.897033425825633     
  0.787000000476837158203125000000000         -0.807057602563916     
  0.787999987602233886718750000000000         -0.946540537653552     
  0.788999974727630615234375000000000         -0.902903330774925     
  0.790000021457672119140625000000000         -0.836062887247561     
  0.791000008583068847656250000000000         -0.868369467221613     
  0.791999995708465576171875000000000         -0.888870992637863     
  0.792999982833862304687500000000000         -0.900700285198331     
  0.794000029563903808593750000000000         -0.879675132781581     
  0.795000016689300537109375000000000         -0.897173838801827     
  0.796000003814697265625000000000000         -0.767852508688404     
  0.796999990940093994140625000000000         -0.924552246821159     
  0.797999978065490722656250000000000         -0.787166600480381     
  0.799000024795532226562500000000000         -0.785784954979106     
  0.800000011920928955078125000000000         -0.731354460718254     
  0.800999999046325683593750000000000         -0.757997367612324     
  0.801999986171722412109375000000000         -0.844736624801123     
  0.802999973297119140625000000000000         -0.751987570830700     
  0.804000020027160644531250000000000         -0.831467209365673     
  0.805000007152557373046875000000000         -0.778014885910426     
  0.805999994277954101562500000000000         -0.677170163417538     
  0.806999981403350830078125000000000         -0.770492786597508     
  0.808000028133392333984375000000000         -0.727470669209004     
  0.809000015258789062500000000000000         -0.760577193287714     
  0.810000002384185791015625000000000         -0.661199876688816     
  0.810999989509582519531250000000000         -0.655973695602040     
  0.811999976634979248046875000000000         -0.776559618682375     
  0.813000023365020751953125000000000         -0.663539983223153     
  0.814000010490417480468750000000000         -0.625685088195886     
  0.814999997615814208984375000000000         -0.595262908921247     
  0.815999984741210937500000000000000         -0.636782714206323     
  0.816999971866607666015625000000000         -0.607527420397276     
  0.818000018596649169921875000000000         -0.741185685371825     
  0.819000005722045898437500000000000         -0.578784552904919     
  0.819999992847442626953125000000000         -0.711150787562257     
  0.820999979972839355468750000000000         -0.690187124109839     
  0.822000026702880859375000000000000         -0.541476451450445     
  0.823000013828277587890625000000000         -0.528981349025281     
  0.824000000953674316406250000000000         -0.660044138107761     
  0.824999988079071044921875000000000         -0.507226320958536     
  0.825999975204467773437500000000000         -0.511679233224525     
  0.827000021934509277343750000000000         -0.611538473887921     
  0.828000009059906005859375000000000         -0.502101807531350     
  0.828999996185302734375000000000000         -0.564553800593003     
  0.829999983310699462890625000000000         -0.508722499313276     
  0.830999970436096191406250000000000         -0.565114442781240     
  0.832000017166137695312500000000000         -0.433643308204655     
  0.833000004291534423828125000000000         -0.597862628388119     
  0.833999991416931152343750000000000         -0.526407982433369     
  0.834999978542327880859375000000000         -0.475276208450098     
  0.836000025272369384765625000000000         -0.385375415743265     
  0.837000012397766113281250000000000         -0.380608552365359     
  0.837999999523162841796875000000000         -0.431104918985122     
  0.838999986648559570312500000000000         -0.396310052473210     
  0.839999973773956298828125000000000         -0.486155399434944     
  0.841000020503997802734375000000000         -0.415186410761205     
  0.842000007629394531250000000000000         -0.353777219509897     
  0.842999994754791259765625000000000         -0.479062315098615     
  0.843999981880187988281250000000000         -0.395627322528487     
  0.845000028610229492187500000000000         -0.367652912546329     
  0.846000015735626220703125000000000         -0.406063327907396     
  0.847000002861022949218750000000000         -0.278744985088071     
  0.847999989986419677734375000000000         -0.375143144475129     
  0.848999977111816406250000000000000         -0.317640580925119     
  0.850000023841857910156250000000000         -0.255099431828712     
  0.851000010967254638671875000000000         -0.255901478514078     
  0.851999998092651367187500000000000         -0.217341139379976     
  0.852999985218048095703125000000000         -0.181308028275539     
  0.853999972343444824218750000000000         -0.309281832530144     
  0.855000019073486328125000000000000         -0.295409053360002     
  0.856000006198883056640625000000000         -0.228449575760805     
  0.856999993324279785156250000000000         -0.274375579983824     
  0.857999980449676513671875000000000         -0.217963877790985     
  0.859000027179718017578125000000000         -0.127237378991645     
  0.860000014305114746093750000000000         -0.278557029465440     
  0.861000001430511474609375000000000         -0.126672766713580     
  0.861999988555908203125000000000000         -0.246692395551323     
  0.862999975681304931640625000000000         -0.173180329132192     
  0.864000022411346435546875000000000         -0.171176048495344     
  0.865000009536743164062500000000000         -0.102585871843803     
  0.865999996662139892578125000000000         -8.092462019458174E-002
  0.866999983787536621093750000000000         -0.120206283791919     
  0.867999970912933349609375000000000          4.702643509577373E-003
  0.869000017642974853515625000000000          8.194997736556964E-003
  0.870000004768371582031250000000000          7.660226191901764E-003
  0.870999991893768310546875000000000         -0.125167138024720     
  0.871999979019165039062500000000000         -3.221566405236499E-002
  0.873000025749206542968750000000000          4.830781445528304E-002
  0.874000012874603271484375000000000         -0.106989410595052     
  0.875000000000000000000000000000000          8.141174167394638E-002
  0.875999987125396728515625000000000          3.879275627528898E-002
  0.876999974250793457031250000000000          2.290792827804649E-002
  0.878000020980834960937500000000000         -1.269500667140110E-002
  0.879000008106231689453125000000000          9.411153112307460E-002
  0.879999995231628417968750000000000         -2.776889618816336E-002
  0.880999982357025146484375000000000          8.499011880035834E-002
  0.882000029087066650390625000000000          0.156221761349965     
  0.883000016212463378906250000000000          0.198498715101738     
  0.884000003337860107421875000000000          7.402197764649748E-002
  0.884999990463256835937500000000000          0.147651453642357     
  0.885999977588653564453125000000000          6.636040893988943E-002
  0.887000024318695068359375000000000          0.172013547721617     
  0.888000011444091796875000000000000          7.454712574016911E-002
  0.888999998569488525390625000000000          0.173605097417874     
  0.889999985694885253906250000000000          0.141847954044345     
  0.890999972820281982421875000000000          0.267252966202300     
  0.892000019550323486328125000000000          0.195695540593383     
  0.893000006675720214843750000000000          0.236947153427535     
  0.893999993801116943359375000000000          0.334831348778152     
  0.894999980926513671875000000000000          0.253487983980106     
  0.896000027656555175781250000000000          0.280986388205532     
  0.897000014781951904296875000000000          0.270241914770027     
  0.898000001907348632812500000000000          0.261033305365679     
  0.898999989032745361328125000000000          0.270064026400450     
  0.899999976158142089843750000000000          0.281746347651934     
  0.901000022888183593750000000000000          0.353442349926529     
  0.902000010013580322265625000000000          0.266483515696432     
  0.902999997138977050781250000000000          0.432715547009668     
  0.903999984264373779296875000000000          0.311836550353838     
  0.904999971389770507812500000000000          0.281381973744284     
  0.906000018119812011718750000000000          0.444770698357349     
  0.907000005245208740234375000000000          0.390694762020045     
  0.907999992370605468750000000000000          0.428657283043680     
  0.908999979496002197265625000000000          0.437976604668191     
  0.910000026226043701171875000000000          0.481877395265480     
  0.911000013351440429687500000000000          0.534468541491888     
  0.912000000476837158203125000000000          0.356906825719827     
  0.912999987602233886718750000000000          0.402832475720700     
  0.913999974727630615234375000000000          0.424092965037498     
  0.915000021457672119140625000000000          0.537448252053011     
  0.916000008583068847656250000000000          0.514121855819752     
  0.916999995708465576171875000000000          0.433657777595234     
  0.917999982833862304687500000000000          0.415790547353272     
  0.919000029563903808593750000000000          0.449087173268825     
  0.920000016689300537109375000000000          0.503052344846051     
  0.921000003814697265625000000000000          0.482307457919105     
  0.921999990940093994140625000000000          0.617007049408191     
  0.922999978065490722656250000000000          0.576293914950074     
  0.924000024795532226562500000000000          0.632824343801869     
  0.925000011920928955078125000000000          0.627110599583786     
  0.925999999046325683593750000000000          0.665789202574952     
  0.926999986171722412109375000000000          0.647530986521753     
  0.927999973297119140625000000000000          0.589287529358127     
  0.929000020027160644531250000000000          0.637285508721147     
  0.930000007152557373046875000000000          0.546956747561819     
  0.930999994277954101562500000000000          0.699375601056174     
  0.931999981403350830078125000000000          0.580373240386912     
  0.933000028133392333984375000000000          0.620097410406346     
  0.934000015258789062500000000000000          0.725678299594268     
  0.935000002384185791015625000000000          0.705172374457722     
  0.935999989509582519531250000000000          0.695114156439949     
  0.936999976634979248046875000000000          0.624200161437465     
  0.938000023365020751953125000000000          0.670930550814380     
  0.939000010490417480468750000000000          0.660542823757749     
  0.939999997615814208984375000000000          0.750620411359169     
  0.940999984741210937500000000000000          0.691903059197171     
  0.941999971866607666015625000000000          0.709088907822013     
  0.943000018596649169921875000000000          0.671275453697937     
  0.944000005722045898437500000000000          0.823868910247763     
  0.944999992847442626953125000000000          0.682127819579665     
  0.945999979972839355468750000000000          0.728437906112976     
  0.947000026702880859375000000000000          0.866470536151048     
  0.948000013828277587890625000000000          0.854491353327000     
  0.949000000953674316406250000000000          0.837996088049612     
  0.949999988079071044921875000000000          0.877904639246086     
  0.950999975204467773437500000000000          0.896139259292766     
  0.952000021934509277343750000000000          0.858222087278667     
  0.953000009059906005859375000000000          0.919527605068916     
  0.953999996185302734375000000000000          0.856882023850515     
  0.954999983310699462890625000000000          0.881904596574750     
  0.955999970436096191406250000000000          0.919654978066997     
  0.957000017166137695312500000000000          0.777427013131023     
  0.958000004291534423828125000000000          0.768903634451022     
  0.958999991416931152343750000000000          0.969322177479456     
  0.959999978542327880859375000000000          0.789450050827025     
  0.961000025272369384765625000000000          0.832514475362322     
  0.962000012397766113281250000000000          0.907339265001999     
  0.962999999523162841796875000000000          0.829510135809003     
  0.963999986648559570312500000000000          0.964032996990703     
  0.964999973773956298828125000000000          0.953865527221248     
  0.966000020503997802734375000000000          0.853273167869278     
  0.967000007629394531250000000000000          0.934097414432616     
  0.967999994754791259765625000000000          0.928315070080120     
  0.968999981880187988281250000000000          0.911766231576487     
  0.970000028610229492187500000000000          0.999695332702525     
  0.971000015735626220703125000000000          0.980544763210418     
  0.972000002861022949218750000000000           1.01920978899336     
  0.972999989986419677734375000000000          0.996055641263613     
  0.973999977111816406250000000000000          0.854910018290344     
  0.975000023841857910156250000000000          0.934671241738166     
  0.976000010967254638671875000000000           1.01668786062474     
  0.976999998092651367187500000000000           1.02984354528415     
  0.977999985218048095703125000000000          0.934952399121689     
  0.978999972343444824218750000000000           1.01711973957570     
  0.980000019073486328125000000000000           1.02285947476380     
  0.981000006198883056640625000000000          0.940576518827372     
  0.981999993324279785156250000000000          0.907620200627964     
  0.982999980449676513671875000000000          0.926110809306701     
  0.984000027179718017578125000000000          0.967653712670921     
  0.985000014305114746093750000000000           1.00787559380530     
  0.986000001430511474609375000000000          0.957732951064613     
  0.986999988555908203125000000000000           1.00890089416429     
  0.987999975681304931640625000000000          0.927785652132367     
  0.989000022411346435546875000000000          0.925499755420266     
  0.990000009536743164062500000000000           1.02568118007337     
  0.990999996662139892578125000000000           1.08037645353188     
  0.991999983787536621093750000000000           1.03506934438783     
  0.992999970912933349609375000000000          0.949148714495645     
  0.994000017642974853515625000000000          0.991166325580084     
  0.995000004768371582031250000000000          0.929573859854838     
  0.995999991893768310546875000000000          0.910361904638578     
  0.996999979019165039062500000000000           1.04781685991879     
  0.998000025749206542968750000000000           1.06557512055713     
  0.999000012874603271484375000000000           1.02066678930290     
   1.00000000000000000000000000000000           1.01791011169553     
