           1    3.471073762284504E-005
           2    1.862883212952241E-004
           3    3.499652167245716E-004
           4    2.517081583365865E-004
           5    1.662921629615147E-004
           6    4.088520342506589E-004
           7    6.817351528310254E-004
           8    9.212718882035794E-004
           9    1.679671726292258E-003
          10    9.020124374716360E-004
          11    2.363097742639708E-004
          12    1.830761279417446E-004
          13    1.868800731906304E-004
          14    1.129221545838794E-004
          15    1.859928184971254E-004
          16    7.975320029637423E-004
          17    2.603732092737429E-003
          18    1.759338292606078E-003
          19    5.028586325983490E-005
          20    9.875762341197271E-004
          21    5.676395995229789E-005
          22    8.917642350368583E-004
          23    3.079690811977660E-004
          24    1.194124413159196E-003
          25    7.046466796135664E-004
          26    4.171074696696435E-004
          27    5.592500788409509E-004
          28    1.074886922608511E-003
          29    4.569218539464227E-005
          30    1.871028324001216E-003
          31    1.742343335839259E-003
          32    5.846492561693144E-003
          33    2.425085398340654E-003
          34    6.019175422931612E-003
          35    2.017494983199458E-003
          36    2.020179597737044E-003
          37    1.136775101819158E-004
          38    1.269754972575814E-003
          39    8.661635945751366E-004
          40    1.184702511262607E-003
          41    4.657830981478289E-004
          42    9.497215041823344E-004
          43    2.720286977146171E-004
          44    1.097114021819284E-003
          45    1.189485330298792E-004
          46    1.356691479125672E-003
          47    3.870701183806384E-004
          48    3.004539486972164E-003
          49    4.261214499026574E-003
          50    2.643429169897726E-003
          51    4.122081913542251E-004
          52    8.381097706105617E-004
          53    1.530194463423533E-004
          54    3.778671502638456E-004
          55    3.876415754179748E-004
          56    3.454377743434014E-004
          57    1.128552591212860E-003
          58    5.474128054803041E-004
          59    1.679335996552617E-004
          60    3.163955966661889E-004
          61    1.799780849844360E-004
          62    3.280966462452846E-004
          63    3.570248078469984E-004
          64    9.659612236124568E-004
          65    1.708725240036138E-003
          66    9.436883871891298E-004
          67    2.351399935261052E-004
          68    3.123517097513427E-004
          69    4.913696993311588E-005
          70    3.232425171107653E-004
          71    9.223248029235838E-005
          72    7.603137883297949E-004
          73    1.435497860810761E-003
          74    7.278865507353833E-004
          75    1.223429890772597E-004
          76    4.171387998976253E-004
          77    2.079644779663100E-004
          78    4.047299977814397E-004
          79    3.415728485232635E-004
          80    2.717236550122010E-004
          81    4.699387478898808E-004
          82    4.550454496943165E-004
          83    5.339307311434864E-004
          84    3.090755439862038E-004
          85    9.457536591569370E-005
          86    3.906434511747614E-004
          87    2.607359597319924E-004
          88    1.280704756912923E-003
          89    2.050759387138769E-003
          90    1.500997068333891E-003
          91    2.281322453042899E-004
          92    5.631135018759721E-004
          93    1.880011293613786E-005
          94    3.777342130032302E-004
          95    1.067681514894869E-004
          96    2.891636876376709E-004
          97    3.838033884767289E-004
          98    6.697484601206867E-004
          99    6.831239801450802E-004
         100    6.672300827824117E-004
         101    7.283629838668612E-005
         102    8.771695023903859E-004
         103    1.000391948527865E-003
         104    2.038091048269548E-003
         105    6.453300197240062E-004
         106    1.551288439438489E-003
         107    5.433633347761895E-004
         108    4.333594162721069E-004
         109    5.379790540010762E-005
         110    7.643221009411362E-005
         111    3.732292736931881E-005
         112    6.723695082759485E-004
         113    1.317119439818842E-003
         114    1.006175247032600E-003
         115    1.283893252689749E-004
         116    4.963140214117229E-004
         117    7.850394463071808E-005
         118    3.188476188666191E-004
         119    2.550826074860155E-004
         120    3.078120617038041E-004
         121    1.847051432620543E-004
         122    1.544250376120746E-004
         123    3.244251879412876E-004
         124    5.624284210496341E-004
         125    4.349755956451903E-004
         126    7.287759760802610E-004
         127    5.358567552456631E-004
         128    8.656394897948329E-004
         129    2.732821942587069E-003
         130    6.238097191029099E-004
         131    4.455791219050987E-004
         132    4.655491941496621E-004
         133    3.571670630723254E-004
         134    2.984514799699116E-004
         135    1.601430745990013E-004
         136    7.187510763316311E-005
         137    1.294110935247381E-004
         138    1.080345079798761E-004
         139    7.629877454062372E-005
         140    1.256689835785568E-004
         141    1.562165576989894E-004
         142    1.975534988523381E-004
         143    1.183666722521124E-004
         144    3.118645061140055E-004
         145    1.857873393533690E-003
         146    5.901125304738722E-004
         147    1.721666734218277E-004
         148    3.917598709422190E-004
         149    1.343136047688057E-004
         150    5.830449336545675E-004
         151    1.627556615417926E-004
         152    1.355219234039737E-003
         153    1.534764342968087E-003
         154    1.179394509350140E-003
         155    5.752008453141618E-004
         156    6.947132302063285E-004
         157    1.540858905760962E-004
         158    5.246749879010736E-004
         159    4.164101023527955E-004
         160    3.478578204550147E-004
         161    4.461857130450015E-004
         162    9.382502741065977E-004
         163    7.070153716845217E-004
         164    1.104881327262258E-003
         165    6.032223397948891E-005
         166    1.831358917361488E-003
         167    1.942504285941113E-003
         168    5.839497650988752E-003
         169    3.321071927818718E-003
         170    6.698687318752190E-003
         171    1.622042565397460E-003
         172    2.457674011846699E-003
         173    1.676064526434145E-004
         174    1.745452102081398E-003
         175    3.497070122084702E-004
         176    1.722712174345499E-003
         177    4.036307855812333E-004
         178    1.650737957644222E-003
         179    4.303721565129309E-004
         180    1.946189773213481E-003
         181    7.675119162556353E-005
         182    2.855900413032290E-003
         183    1.628143236396048E-004
         184    7.778205262682747E-003
         185    1.159226292831393E-002
         186    6.925329955143274E-003
         187    1.063899580665441E-004
         188    2.214496175571375E-003
         189    2.276035642984560E-004
         190    1.324869225568544E-003
         191    4.377397724727584E-004
         192    6.614176354848626E-004
         193    9.727578487071343E-004
         194    9.765531478449980E-004
         195    7.235314091800591E-004
         196    5.096397547850768E-004
         197    1.042687356394193E-004
         198    3.126968945044382E-004
         199    3.147983018631366E-004
         200    2.317328310426563E-004
         201     500.000590884252     
         202    8.705931119941798E-004
         203    2.003762838620814E-004
         204    5.045649154164973E-004
         205    5.261109045051008E-005
         206    5.229647074431836E-004
         207    2.167911746698117E-004
         208    1.030338666371308E-003
         209    1.459483796532638E-003
         210    7.512732892998407E-004
         211    1.318044818177118E-004
         212    1.483852685804118E-004
         213    1.226193033897969E-004
         214    7.290023808582900E-005
         215    3.086406487942950E-004
         216    5.416499868358763E-004
         217    5.901699791184236E-004
         218    3.217721770741837E-004
         219    1.794191933659542E-004
         220    1.309622801871290E-004
         221    1.431716045478582E-004
         222    2.498693253792409E-004
         223    1.829629613128075E-004
         224    7.574139204845075E-004
         225    1.536421676954235E-003
         226    1.138086099825684E-003
         227    1.050082022232939E-004
         228    3.533390889766562E-004
         229    7.804365742192523E-005
         230    8.713795555217499E-005
         231    3.074624361320823E-004
         232    7.901674304964857E-004
         233    5.416839459963557E-005
         234    1.644141399218043E-003
         235    6.846204952117393E-004
         236    8.351243196519084E-004
         237    1.026355585885203E-004
         238    8.014003371295825E-004
         239    6.719079320104231E-004
         240    1.637874670023802E-003
         241    8.370384754001616E-005
         242    6.365819420738971E-004
         243    2.649698216715833E-004
         244    4.010600988036799E-004
         245    1.485582006307447E-004
         246    7.864147561039728E-004
         247    1.063794026137148E-004
         248    2.259898213642253E-003
         249    3.557645669850160E-003
         250    2.387211435751080E-003
         251    1.941612690325320E-004
         252    7.628890235313368E-004
         253    8.983114636339933E-005
         254    4.126091491868547E-004
         255    2.722903822941409E-004
         256    2.141755680946858E-004
         257    1.081492929503398E-004
         258    8.139113431651783E-004
         259    3.939401007381065E-004
         260    5.818561855354541E-004
         261    4.784684956885266E-004
         262    8.894024282283332E-004
         263    1.398739893349969E-003
         264    2.317175989424501E-003
         265    4.066559503536855E-003
         266    2.151643650005762E-003
         267    1.477677928327951E-003
         268    8.595001120639048E-004
         269    4.928254025892329E-004
         270    5.691887671065982E-004
         271    5.520337941354760E-004
         272    4.655128824058087E-004
         273    3.335097599676470E-004
         274    1.763288162859713E-004
         275    3.962025833213544E-004
         276    3.185998421866007E-004
         277    2.275830582660564E-004
         278    3.530123950141571E-004
         279    4.810236523310803E-004
         280    8.520144403471726E-004
         281    1.562036576737828E-003
         282    9.257732413264890E-004
         283    9.625024849843060E-005
         284    3.966744872564675E-004
         285    2.911203657162175E-005
         286    4.257317454906368E-004
         287    1.491447136445165E-004
         288    1.113433900165040E-003
         289    9.345221051032206E-004
         290    1.154970186065590E-003
         291    1.792718593087658E-004
         292    3.212250790719015E-004
         293    1.248032104502616E-004
         294    1.723707856143944E-004
         295    1.569012301226971E-004
         296    9.592340573333248E-005
         297    2.152642724695154E-004
         298    4.352492752415048E-004
         299    2.145945868916035E-004
         300    3.930139524101771E-004
         301    8.896376523874524E-005
         302    6.742301353645871E-004
         303    6.126375823004189E-004
         304    2.127065256813650E-003
         305    1.537854287854450E-003
         306    2.156027826080933E-003
         307    6.654121372981761E-004
         308    9.150152781285588E-004
         309    1.898489397655932E-004
         310    6.254786365168960E-004
         311    2.761713346821797E-004
         312    2.326403191437347E-004
         313    4.907559400275970E-004
         314    4.829513449628360E-004
         315    2.277474290573007E-004
         316    6.224639083275405E-004
         317    2.028566561429076E-004
         318    7.565415798767509E-004
         319    2.432729521177311E-004
         320    1.316804332101504E-003
         321    2.016062526104599E-003
         322    1.337983854530616E-003
         323    3.296288223029953E-004
         324    4.137124083966509E-004
         325    4.642393208551065E-004
         326    3.200307818444319E-004
         327    4.378938310653625E-004
         328    4.683675021603424E-004
         329    2.175761668042537E-003
         330    6.652193107663359E-004
         331    7.456664889011767E-004
         332    3.269341976334003E-004
         333    2.264523212197397E-004
         334    1.501751887825653E-004
         335    6.097884524668646E-004
         336    5.490224943278012E-004
         337    3.245402467498701E-004
         338    2.573034785753171E-004
         339    3.756295693222293E-004
         340    3.998850306628069E-004
         341    2.217922112485150E-004
         342    3.923274655808543E-004
         343    7.884623297877626E-005
         344    9.374973754491731E-004
         345    1.815329333193835E-003
         346    1.200169109324014E-003
         347    9.567351373146616E-005
         348    4.592592118874374E-004
         349    5.581401794176313E-005
         350    4.392158242177377E-004
         351    2.889173273787771E-004
         352    6.749544248343768E-004
         353    2.286096328784790E-004
         354    3.237383837843159E-004
         355    4.627506686996582E-004
         356    3.258836564170034E-004
         357    2.057173821153093E-004
         358    2.995150833664846E-004
         359    1.720653547475618E-004
         360    9.597542011058642E-004
         361    1.198649302069870E-003
         362    9.306582971077789E-004
         363    2.688039482064548E-004
         364    4.823776913247197E-004
         365    8.811609839512055E-005
         366    5.932940256099927E-004
         367    5.458798193943297E-004
         368    1.687986724183990E-003
         369    1.512482016973400E-003
         370    2.242525842160724E-003
         371    2.535697786450801E-004
         372    8.916976207923350E-004
         373    1.635133282354581E-004
         374    6.758422098121423E-004
         375    3.154547949871430E-004
         376    5.748055736645862E-004
         377    3.865729710817870E-005
         378    1.817441444369145E-003
         379    5.007409889186602E-004
         380    1.817442222971372E-003
         381    3.207381069799387E-005
         382    2.742406982544592E-003
         383    1.426942559963077E-004
         384    7.940370115300391E-003
         385    1.229328450479915E-002
         386    7.746392132550763E-003
         387    1.197223863410254E-004
         388    2.658068784926604E-003
         389    1.163016397944308E-004
         390    1.687753623315311E-003
         391    1.462833655273380E-004
         392    1.265790306516369E-003
         393    1.333894219764845E-004
         394    6.550370157322218E-004
         395    3.002570486836193E-004
         396    5.874991478780657E-004
         397    3.784161809757347E-005
         398    5.465438439578485E-004
         399    2.177985572330447E-004
         400    3.150876812680381E-004
         401     1000.00026836273     
         402    8.666996564670120E-004
         403    1.135265092572243E-004
         404    6.582217656259931E-004
         405    3.275391044584960E-005
         406    6.326548676483444E-004
         407    7.695319420269567E-005
         408    8.242048109652038E-004
         409    5.679838423830660E-004
         410    2.017733815816933E-004
         411    1.342398336130965E-004
         412    5.966619305283701E-004
         413    1.224944799925227E-004
         414    9.446594775292141E-004
         415    2.354140905632444E-004
         416    2.233812140230781E-003
         417    3.991620162013472E-003
         418    2.098434107575436E-003
         419    5.764259658397665E-005
         420    8.056053642811453E-004
         421    1.211414630610549E-004
         422    6.129207565453653E-004
         423    3.509940695353523E-004
         424    1.066141592464253E-003
         425    1.080841638992375E-003
         426    1.115815305889300E-003
         427    3.293172020824519E-004
         428    4.246667766371628E-004
         429    4.109674324696873E-005
         430    3.015259222548598E-004
         431    1.917003438496688E-004
         432    2.355310387989256E-004
         433    7.321313588127972E-005
         434    3.265794924884270E-004
         435    2.082712525646005E-004
         436    4.241032926995924E-004
         437    2.629845292472669E-005
         438    5.804532098769749E-004
         439    3.986607715658417E-004
         440    1.562389585224686E-003
         441    1.011903673090304E-003
         442    1.406398676727461E-003
         443    2.182059076544762E-004
         444    2.798748184718418E-004
         445    2.103282395601910E-004
         446    1.895371004734903E-004
         447    2.231842602031267E-004
         448    1.547826363737588E-004
         449    2.157126713373817E-004
         450    5.424800967484496E-004
         451    1.234682698748523E-004
         452    2.779786080744850E-004
         453    1.251281682659521E-004
         454    2.956875959125820E-004
         455    1.238456025796642E-004
         456    7.741040278128132E-004
         457    9.897464235326279E-004
         458    4.148018041033101E-004
         459    3.575261085150121E-004
         460    4.877719614865133E-004
         461    4.899121742797452E-004
         462    8.437943602057711E-004
         463    1.444215676559989E-003
         464    1.753230659156603E-003
         465    3.425827177295559E-003
         466    1.997130170548473E-003
         467    1.702333837810278E-003
         468    9.096899193555335E-004
         469    4.020317863164948E-004
         470    6.220358838623028E-004
         471    7.822591164677972E-004
         472    4.012249612666248E-004
         473    1.869454152471189E-004
         474    8.214888926361833E-004
         475    4.062919119989572E-004
         476    5.164147362285117E-004
         477    2.883740146007524E-004
         478    6.962263168241983E-004
         479    4.207847406354819E-004
         480    1.915826935931772E-003
         481    2.789612026505018E-003
         482    1.641639475169598E-003
         483    3.487117406223946E-004
         484    7.393502934915953E-004
         485    1.526023345799474E-004
         486    5.849286516920403E-004
         487    4.559223341601825E-004
         488    7.892954907617724E-004
         489    3.803152993838501E-004
         490    5.363008698215429E-004
         491    2.085491437095716E-004
         492    2.908091746058740E-004
         493    2.426141575190071E-004
         494    3.441613846969578E-004
         495    1.879632093149190E-004
         496    8.602821244006768E-004
         497    1.199799607534445E-003
         498    1.111755057050705E-003
         499    8.510574625636191E-005
         500    4.720132208698734E-004
         501    1.503854172142383E-004
         502    4.720132208698731E-004
         503    8.510574625636168E-005
         504    1.111755057050705E-003
         505    1.199799607534444E-003
         506    8.602821244006760E-004
         507    1.879632093149187E-004
         508    3.441613846969579E-004
         509    2.426141575190071E-004
         510    2.908091746058737E-004
         511    2.085491437095715E-004
         512    5.363008698215431E-004
         513    3.803152993838500E-004
         514    7.892954907617719E-004
         515    4.559223341601826E-004
         516    5.849286516920403E-004
         517    1.526023345799474E-004
         518    7.393502934915954E-004
         519    3.487117406223947E-004
         520    1.641639475169598E-003
         521    2.789612026505018E-003
         522    1.915826935931773E-003
         523    4.207847406354820E-004
         524    6.962263168241985E-004
         525    2.883740146007524E-004
         526    5.164147362285117E-004
         527    4.062919119989572E-004
         528    8.214888926361837E-004
         529    1.869454152471190E-004
         530    4.012249612666243E-004
         531    7.822591164677974E-004
         532    6.220358838623025E-004
         533    4.020317863164949E-004
         534    9.096899193555332E-004
         535    1.702333837810279E-003
         536    1.997130170548474E-003
         537    3.425827177295559E-003
         538    1.753230659156603E-003
         539    1.444215676559989E-003
         540    8.437943602057713E-004
         541    4.899121742797452E-004
         542    4.877719614865137E-004
         543    3.575261085150121E-004
         544    4.148018041033100E-004
         545    9.897464235326279E-004
         546    7.741040278128128E-004
         547    1.238456025796641E-004
         548    2.956875959125821E-004
         549    1.251281682659521E-004
         550    2.779786080744853E-004
         551    1.234682698748522E-004
         552    5.424800967484490E-004
         553    2.157126713373821E-004
         554    1.547826363737588E-004
         555    2.231842602031266E-004
         556    1.895371004734905E-004
         557    2.103282395601911E-004
         558    2.798748184718416E-004
         559    2.182059076544761E-004
         560    1.406398676727461E-003
         561    1.011903673090304E-003
         562    1.562389585224686E-003
         563    3.986607715658417E-004
         564    5.804532098769750E-004
         565    2.629845292472667E-005
         566    4.241032926995923E-004
         567    2.082712525646009E-004
         568    3.265794924884274E-004
         569    7.321313588127949E-005
         570    2.355310387989259E-004
         571    1.917003438496687E-004
         572    3.015259222548602E-004
         573    4.109674324696873E-005
         574    4.246667766371625E-004
         575    3.293172020824520E-004
         576    1.115815305889299E-003
         577    1.080841638992376E-003
         578    1.066141592464254E-003
         579    3.509940695353523E-004
         580    6.129207565453652E-004
         581    1.211414630610549E-004
         582    8.056053642811448E-004
         583    5.764259658397688E-005
         584    2.098434107575435E-003
         585    3.991620162013472E-003
         586    2.233812140230781E-003
         587    2.354140905632445E-004
         588    9.446594775292139E-004
         589    1.224944799925227E-004
         590    5.966619305283699E-004
         591    1.342398336130964E-004
         592    2.017733815816934E-004
         593    5.679838423830656E-004
         594    8.242048109652041E-004
         595    7.695319420269549E-005
         596    6.326548676483444E-004
         597    3.275391044584965E-005
         598    6.582217656259932E-004
         599    1.135265092572243E-004
         600    8.666996564670116E-004
         601     1000.00026836273     
         602    3.150876812680385E-004
         603    2.177985572330447E-004
         604    5.465438439578484E-004
         605    3.784161809757346E-005
         606    5.874991478780657E-004
         607    3.002570486836195E-004
         608    6.550370157322218E-004
         609    1.333894219764842E-004
         610    1.265790306516368E-003
         611    1.462833655273379E-004
         612    1.687753623315311E-003
         613    1.163016397944307E-004
         614    2.658068784926604E-003
         615    1.197223863410253E-004
         616    7.746392132550762E-003
         617    1.229328450479915E-002
         618    7.940370115300391E-003
         619    1.426942559963080E-004
         620    2.742406982544592E-003
         621    3.207381069799390E-005
         622    1.817442222971372E-003
         623    5.007409889186602E-004
         624    1.817441444369144E-003
         625    3.865729710817857E-005
         626    5.748055736645865E-004
         627    3.154547949871431E-004
         628    6.758422098121427E-004
         629    1.635133282354580E-004
         630    8.916976207923354E-004
         631    2.535697786450801E-004
         632    2.242525842160723E-003
         633    1.512482016973400E-003
         634    1.687986724183990E-003
         635    5.458798193943294E-004
         636    5.932940256099929E-004
         637    8.811609839512052E-005
         638    4.823776913247197E-004
         639    2.688039482064547E-004
         640    9.306582971077786E-004
         641    1.198649302069870E-003
         642    9.597542011058642E-004
         643    1.720653547475618E-004
         644    2.995150833664846E-004
         645    2.057173821153093E-004
         646    3.258836564170033E-004
         647    4.627506686996583E-004
         648    3.237383837843159E-004
         649    2.286096328784791E-004
         650    6.749544248343771E-004
         651    2.889173273787771E-004
         652    4.392158242177376E-004
         653    5.581401794176308E-005
         654    4.592592118874372E-004
         655    9.567351373146595E-005
         656    1.200169109324014E-003
         657    1.815329333193835E-003
         658    9.374973754491733E-004
         659    7.884623297877638E-005
         660    3.923274655808540E-004
         661    2.217922112485150E-004
         662    3.998850306628070E-004
         663    3.756295693222294E-004
         664    2.573034785753167E-004
         665    3.245402467498702E-004
         666    5.490224943278006E-004
         667    6.097884524668646E-004
         668    1.501751887825657E-004
         669    2.264523212197397E-004
         670    3.269341976334003E-004
         671    7.456664889011768E-004
         672    6.652193107663367E-004
         673    2.175761668042536E-003
         674    4.683675021603420E-004
         675    4.378938310653624E-004
         676    3.200307818444320E-004
         677    4.642393208551066E-004
         678    4.137124083966507E-004
         679    3.296288223029954E-004
         680    1.337983854530615E-003
         681    2.016062526104599E-003
         682    1.316804332101504E-003
         683    2.432729521177310E-004
         684    7.565415798767506E-004
         685    2.028566561429076E-004
         686    6.224639083275403E-004
         687    2.277474290573007E-004
         688    4.829513449628360E-004
         689    4.907559400275973E-004
         690    2.326403191437349E-004
         691    2.761713346821797E-004
         692    6.254786365168961E-004
         693    1.898489397655932E-004
         694    9.150152781285585E-004
         695    6.654121372981763E-004
         696    2.156027826080933E-003
         697    1.537854287854450E-003
         698    2.127065256813649E-003
         699    6.126375823004192E-004
         700    6.742301353645873E-004
         701    8.896376523874520E-005
         702    3.930139524101771E-004
         703    2.145945868916034E-004
         704    4.352492752415051E-004
         705    2.152642724695156E-004
         706    9.592340573333278E-005
         707    1.569012301226971E-004
         708    1.723707856143948E-004
         709    1.248032104502616E-004
         710    3.212250790719017E-004
         711    1.792718593087658E-004
         712    1.154970186065591E-003
         713    9.345221051032202E-004
         714    1.113433900165040E-003
         715    1.491447136445165E-004
         716    4.257317454906369E-004
         717    2.911203657162182E-005
         718    3.966744872564678E-004
         719    9.625024849843036E-005
         720    9.257732413264894E-004
         721    1.562036576737828E-003
         722    8.520144403471730E-004
         723    4.810236523310804E-004
         724    3.530123950141570E-004
         725    2.275830582660565E-004
         726    3.185998421866007E-004
         727    3.962025833213545E-004
         728    1.763288162859714E-004
         729    3.335097599676469E-004
         730    4.655128824058082E-004
         731    5.520337941354762E-004
         732    5.691887671065978E-004
         733    4.928254025892328E-004
         734    8.595001120639049E-004
         735    1.477677928327952E-003
         736    2.151643650005763E-003
         737    4.066559503536855E-003
         738    2.317175989424502E-003
         739    1.398739893349969E-003
         740    8.894024282283334E-004
         741    4.784684956885267E-004
         742    5.818561855354542E-004
         743    3.939401007381066E-004
         744    8.139113431651787E-004
         745    1.081492929503400E-004
         746    2.141755680946852E-004
         747    2.722903822941407E-004
         748    4.126091491868546E-004
         749    8.983114636339929E-005
         750    7.628890235313369E-004
         751    1.941612690325321E-004
         752    2.387211435751079E-003
         753    3.557645669850160E-003
         754    2.259898213642253E-003
         755    1.063794026137148E-004
         756    7.864147561039728E-004
         757    1.485582006307448E-004
         758    4.010600988036800E-004
         759    2.649698216715832E-004
         760    6.365819420738972E-004
         761    8.370384754001627E-005
         762    1.637874670023802E-003
         763    6.719079320104232E-004
         764    8.014003371295825E-004
         765    1.026355585885203E-004
         766    8.351243196519085E-004
         767    6.846204952117399E-004
         768    1.644141399218044E-003
         769    5.416839459963553E-005
         770    7.901674304964856E-004
         771    3.074624361320824E-004
         772    8.713795555217499E-005
         773    7.804365742192523E-005
         774    3.533390889766559E-004
         775    1.050082022232939E-004
         776    1.138086099825683E-003
         777    1.536421676954235E-003
         778    7.574139204845079E-004
         779    1.829629613128076E-004
         780    2.498693253792411E-004
         781    1.431716045478582E-004
         782    1.309622801871286E-004
         783    1.794191933659541E-004
         784    3.217721770741836E-004
         785    5.901699791184222E-004
         786    5.416499868358751E-004
         787    3.086406487942951E-004
         788    7.290023808582912E-005
         789    1.226193033897969E-004
         790    1.483852685804119E-004
         791    1.318044818177116E-004
         792    7.512732892998404E-004
         793    1.459483796532637E-003
         794    1.030338666371308E-003
         795    2.167911746698114E-004
         796    5.229647074431838E-004
         797    5.261109045051005E-005
         798    5.045649154164973E-004
         799    2.003762838620816E-004
         800    8.705931119941795E-004
         801     500.000590884252     
         802    2.317328310426565E-004
         803    3.147983018631365E-004
         804    3.126968945044380E-004
         805    1.042687356394193E-004
         806    5.096397547850767E-004
         807    7.235314091800592E-004
         808    9.765531478449978E-004
         809    9.727578487071342E-004
         810    6.614176354848627E-004
         811    4.377397724727585E-004
         812    1.324869225568545E-003
         813    2.276035642984559E-004
         814    2.214496175571374E-003
         815    1.063899580665441E-004
         816    6.925329955143274E-003
         817    1.159226292831393E-002
         818    7.778205262682748E-003
         819    1.628143236396050E-004
         820    2.855900413032291E-003
         821    7.675119162556356E-005
         822    1.946189773213480E-003
         823    4.303721565129309E-004
         824    1.650737957644222E-003
         825    4.036307855812331E-004
         826    1.722712174345499E-003
         827    3.497070122084701E-004
         828    1.745452102081399E-003
         829    1.676064526434145E-004
         830    2.457674011846699E-003
         831    1.622042565397460E-003
         832    6.698687318752190E-003
         833    3.321071927818718E-003
         834    5.839497650988752E-003
         835    1.942504285941112E-003
         836    1.831358917361488E-003
         837    6.032223397948886E-005
         838    1.104881327262257E-003
         839    7.070153716845217E-004
         840    9.382502741065975E-004
         841    4.461857130450015E-004
         842    3.478578204550146E-004
         843    4.164101023527955E-004
         844    5.246749879010738E-004
         845    1.540858905760962E-004
         846    6.947132302063286E-004
         847    5.752008453141617E-004
         848    1.179394509350139E-003
         849    1.534764342968087E-003
         850    1.355219234039737E-003
         851    1.627556615417926E-004
         852    5.830449336545677E-004
         853    1.343136047688057E-004
         854    3.917598709422188E-004
         855    1.721666734218278E-004
         856    5.901125304738719E-004
         857    1.857873393533691E-003
         858    3.118645061140061E-004
         859    1.183666722521124E-004
         860    1.975534988523379E-004
         861    1.562165576989893E-004
         862    1.256689835785566E-004
         863    7.629877454062357E-005
         864    1.080345079798757E-004
         865    1.294110935247381E-004
         866    7.187510763316245E-005
         867    1.601430745990014E-004
         868    2.984514799699115E-004
         869    3.571670630723254E-004
         870    4.655491941496619E-004
         871    4.455791219050986E-004
         872    6.238097191029104E-004
         873    2.732821942587069E-003
         874    8.656394897948326E-004
         875    5.358567552456630E-004
         876    7.287759760802610E-004
         877    4.349755956451904E-004
         878    5.624284210496343E-004
         879    3.244251879412877E-004
         880    1.544250376120743E-004
         881    1.847051432620544E-004
         882    3.078120617038044E-004
         883    2.550826074860155E-004
         884    3.188476188666189E-004
         885    7.850394463071815E-005
         886    4.963140214117227E-004
         887    1.283893252689749E-004
         888    1.006175247032599E-003
         889    1.317119439818842E-003
         890    6.723695082759482E-004
         891    3.732292736931884E-005
         892    7.643221009411329E-005
         893    5.379790540010766E-005
         894    4.333594162721069E-004
         895    5.433633347761897E-004
         896    1.551288439438489E-003
         897    6.453300197240062E-004
         898    2.038091048269548E-003
         899    1.000391948527865E-003
         900    8.771695023903861E-004
         901    7.283629838668611E-005
         902    6.672300827824118E-004
         903    6.831239801450800E-004
         904    6.697484601206873E-004
         905    3.838033884767286E-004
         906    2.891636876376710E-004
         907    1.067681514894869E-004
         908    3.777342130032307E-004
         909    1.880011293613785E-005
         910    5.631135018759719E-004
         911    2.281322453042899E-004
         912    1.500997068333892E-003
         913    2.050759387138768E-003
         914    1.280704756912923E-003
         915    2.607359597319924E-004
         916    3.906434511747614E-004
         917    9.457536591569380E-005
         918    3.090755439862042E-004
         919    5.339307311434863E-004
         920    4.550454496943161E-004
         921    4.699387478898807E-004
         922    2.717236550122015E-004
         923    3.415728485232636E-004
         924    4.047299977814394E-004
         925    2.079644779663100E-004
         926    4.171387998976254E-004
         927    1.223429890772598E-004
         928    7.278865507353835E-004
         929    1.435497860810761E-003
         930    7.603137883297942E-004
         931    9.223248029235857E-005
         932    3.232425171107655E-004
         933    4.913696993311583E-005
         934    3.123517097513428E-004
         935    2.351399935261054E-004
         936    9.436883871891305E-004
         937    1.708725240036138E-003
         938    9.659612236124580E-004
         939    3.570248078469983E-004
         940    3.280966462452846E-004
         941    1.799780849844360E-004
         942    3.163955966661888E-004
         943    1.679335996552619E-004
         944    5.474128054803052E-004
         945    1.128552591212860E-003
         946    3.454377743434013E-004
         947    3.876415754179746E-004
         948    3.778671502638455E-004
         949    1.530194463423534E-004
         950    8.381097706105614E-004
         951    4.122081913542251E-004
         952    2.643429169897726E-003
         953    4.261214499026574E-003
         954    3.004539486972164E-003
         955    3.870701183806384E-004
         956    1.356691479125672E-003
         957    1.189485330298792E-004
         958    1.097114021819284E-003
         959    2.720286977146170E-004
         960    9.497215041823351E-004
         961    4.657830981478289E-004
         962    1.184702511262607E-003
         963    8.661635945751367E-004
         964    1.269754972575814E-003
         965    1.136775101819158E-004
         966    2.020179597737043E-003
         967    2.017494983199458E-003
         968    6.019175422931614E-003
         969    2.425085398340654E-003
         970    5.846492561693144E-003
         971    1.742343335839259E-003
         972    1.871028324001216E-003
         973    4.569218539464228E-005
         974    1.074886922608511E-003
         975    5.592500788409511E-004
         976    4.171074696696432E-004
         977    7.046466796135657E-004
         978    1.194124413159195E-003
         979    3.079690811977660E-004
         980    8.917642350368589E-004
         981    5.676395995229784E-005
         982    9.875762341197269E-004
         983    5.028586325983496E-005
         984    1.759338292606077E-003
         985    2.603732092737428E-003
         986    7.975320029637420E-004
         987    1.859928184971254E-004
         988    1.129221545838793E-004
         989    1.868800731906304E-004
         990    1.830761279417446E-004
         991    2.363097742639708E-004
         992    9.020124374716357E-004
         993    1.679671726292258E-003
         994    9.212718882035794E-004
         995    6.817351528310253E-004
         996    4.088520342506589E-004
         997    1.662921629615146E-004
         998    2.517081583365864E-004
         999    3.499652167245718E-004
        1000    1.862883212952240E-004
